# time (s) | pressure amplitude (MPa)
0.000000000000000000e+00 3.459934566532190097e-03
2.000000000000000125e-09 -2.444617918435950180e-03
4.000000000000000249e-09 4.464482428049919814e-03
6.000000000000000787e-09 -3.440247201288870130e-03
8.000000000000000498e-09 5.278677156466409989e-03
1.000000000000000021e-08 -1.684345780394630064e-03
1.200000000000000157e-08 4.170409154545730301e-03
1.400000000000000129e-08 5.502361180205909757e-04
1.600000000000000100e-08 -3.191789349191140085e-04
1.800000000000000236e-08 2.189111831302569845e-03
2.000000000000000042e-08 -1.759457058698579929e-03
2.200000000000000178e-08 8.120541348416620208e-04
2.400000000000000315e-08 -6.390834188461219905e-04
2.600000000000000121e-08 -1.346165896771160013e-03
2.800000000000000257e-08 1.134972925752300056e-03
3.000000000000000394e-08 -2.510075234236739880e-03
3.200000000000000199e-08 1.907450516238959988e-03
3.400000000000000005e-08 -4.505099161956549990e-03
3.600000000000000472e-08 3.907843027402629899e-03
3.800000000000000278e-08 -4.680238825109920252e-03
4.000000000000000084e-08 3.452703834225450113e-03
4.200000000000000551e-08 -2.668606754858479993e-03
4.400000000000000357e-08 2.195180527662799874e-03
4.600000000000000162e-08 -3.100446708159330087e-04
4.800000000000000630e-08 -5.881096897850860003e-04
5.000000000000000435e-08 3.048525136284869954e-03
5.200000000000000241e-08 -6.350652163986009483e-04
5.400000000000000047e-08 4.586339872950239913e-03
5.600000000000000514e-08 -1.966853272561759798e-03
5.800000000000000320e-08 2.297979406302829829e-03
6.000000000000000787e-08 -1.258478963231030034e-03
6.199999999999999931e-08 -1.988386870489900187e-03
6.400000000000000399e-08 2.393267202221949826e-03
6.600000000000000866e-08 -2.074033412392779947e-03
6.800000000000000010e-08 4.861082999417169759e-03
7.000000000000000477e-08 -3.470183443965040027e-03
7.200000000000000945e-08 3.987696868941610281e-03
7.400000000000000089e-08 -1.338752774772959892e-03
7.600000000000000556e-08 3.153277809738510087e-03
7.800000000000001023e-08 -8.848956021272499873e-04
8.000000000000000167e-08 7.965121476297250475e-04
8.200000000000000635e-08 -2.097378044957280089e-03
8.400000000000001102e-08 1.724915965249610046e-04
8.600000000000000246e-08 5.746101979609369520e-04
8.800000000000000714e-08 3.338868334115890164e-04
9.000000000000001181e-08 6.451743725618049605e-04
9.200000000000000325e-08 -1.029149328015629993e-04
9.400000000000000792e-08 -2.248881170490440063e-05
9.600000000000001260e-08 -2.248497780341749894e-03
9.800000000000000404e-08 1.282815567756639963e-03
1.000000000000000087e-07 -3.155533627278819895e-03
1.020000000000000001e-07 2.628128820744650169e-03
1.040000000000000048e-07 -2.803577141577549836e-03
1.060000000000000095e-07 3.946912310498179588e-03
1.080000000000000009e-07 -1.598227720624540099e-03
1.100000000000000056e-07 2.037711904080849890e-03
1.120000000000000103e-07 5.288175793832830112e-06
1.140000000000000017e-07 1.849177174311110059e-03
1.160000000000000064e-07 8.202870838777229657e-04
1.180000000000000111e-07 -7.749792661973110147e-04
1.200000000000000157e-07 2.021191346920840019e-03
1.220000000000000072e-07 -3.891642447910579998e-03
1.239999999999999986e-07 2.837422459528440074e-03
1.260000000000000165e-07 -2.993949892128439788e-03
1.280000000000000080e-07 1.713435152888710070e-03
1.299999999999999994e-07 -1.994970603828639857e-03
1.320000000000000173e-07 -2.095286456708090207e-03
1.340000000000000088e-07 6.084162877681949987e-05
1.360000000000000002e-07 -3.933057267771139683e-03
1.380000000000000181e-07 1.842218498728280095e-03
1.400000000000000095e-07 -4.217098449398950198e-03
1.420000000000000010e-07 1.880955445715629896e-03
1.440000000000000189e-07 -4.018414888376940254e-03
1.460000000000000103e-07 -1.417664776021310049e-04
1.480000000000000018e-07 -4.548612052953490172e-03
1.500000000000000197e-07 -1.376673653295170047e-03
1.520000000000000111e-07 -4.264751886670609983e-03
1.540000000000000026e-07 -6.561974887991989984e-04
1.560000000000000205e-07 -4.183731968307220425e-03
1.580000000000000119e-07 -2.018938255233560051e-03
1.600000000000000033e-07 -4.638191738171390174e-03
1.620000000000000213e-07 -5.802784796533839821e-03
1.640000000000000127e-07 -3.326039616919449805e-03
1.660000000000000041e-07 -5.969191429587190033e-03
1.680000000000000220e-07 -4.398930350415849663e-03
1.700000000000000135e-07 -5.613238341030449968e-03
1.720000000000000049e-07 -4.964318543722899719e-03
1.740000000000000228e-07 -7.928538682251439970e-03
1.760000000000000143e-07 -2.260128778733010071e-03
1.780000000000000057e-07 -7.336605286052629883e-03
1.800000000000000236e-07 -2.990622906920799816e-03
1.820000000000000151e-07 -7.545190679921470051e-03
1.840000000000000065e-07 -4.213948320472640091e-03
1.860000000000000244e-07 -5.613762637310669955e-03
1.880000000000000158e-07 -6.083465689902109973e-03
1.900000000000000073e-07 -4.533989805145030062e-03
1.920000000000000252e-07 -7.451958688591390351e-03
1.940000000000000166e-07 -6.580769287300589770e-03
1.960000000000000081e-07 -6.427199542020940043e-03
1.979999999999999995e-07 -9.776027735301829474e-03
2.000000000000000174e-07 -6.133296400539810407e-03
2.020000000000000089e-07 -1.102138318098489986e-02
2.040000000000000003e-07 -7.863753099032489910e-03
2.060000000000000182e-07 -1.134562858145769966e-02
2.080000000000000096e-07 -8.834036707044020525e-03
2.100000000000000011e-07 -9.044728466043119169e-03
2.120000000000000190e-07 -1.251234495261530077e-02
2.140000000000000104e-07 -9.517321605907560697e-03
2.160000000000000019e-07 -1.309762086943380005e-02
2.180000000000000198e-07 -1.185438612077910001e-02
2.200000000000000112e-07 -1.281815675780379957e-02
2.220000000000000027e-07 -1.227122407306740007e-02
2.240000000000000206e-07 -1.165984050197910009e-02
2.260000000000000120e-07 -1.371505818252980076e-02
2.280000000000000034e-07 -1.171043495136779924e-02
2.300000000000000214e-07 -1.327508513323330010e-02
2.320000000000000128e-07 -1.017986158708679943e-02
2.340000000000000042e-07 -1.244891707358600046e-02
2.360000000000000221e-07 -1.094772906259700029e-02
2.380000000000000136e-07 -1.394597969320139977e-02
2.400000000000000315e-07 -1.445679508098850034e-02
2.420000000000000229e-07 -1.322868635817639991e-02
2.440000000000000144e-07 -1.330626536562179961e-02
2.460000000000000058e-07 -1.289249016140489937e-02
2.479999999999999972e-07 -1.360375189116850084e-02
2.500000000000000416e-07 -1.465386031193979983e-02
2.520000000000000331e-07 -1.385986991298629976e-02
2.540000000000000245e-07 -1.385903705636799994e-02
2.560000000000000159e-07 -1.451681551913860078e-02
2.580000000000000074e-07 -1.395890531353249919e-02
2.599999999999999988e-07 -1.528275702643740012e-02
2.619999999999999903e-07 -1.469194926681979992e-02
2.640000000000000346e-07 -1.550947149007209959e-02
2.660000000000000261e-07 -1.506088751335699950e-02
2.680000000000000175e-07 -1.640486522841800091e-02
2.700000000000000090e-07 -1.211825037897299936e-02
2.720000000000000004e-07 -1.713970748921789938e-02
2.739999999999999918e-07 -1.165136905753120025e-02
2.760000000000000362e-07 -1.902057776625720037e-02
2.780000000000000277e-07 -1.226643492837669984e-02
2.800000000000000191e-07 -1.747524630993809933e-02
2.820000000000000105e-07 -1.305933911961299973e-02
2.840000000000000020e-07 -1.765550630467619883e-02
2.859999999999999934e-07 -1.398021178115869956e-02
2.880000000000000378e-07 -1.897753680463699910e-02
2.900000000000000292e-07 -1.296687204556619920e-02
2.920000000000000207e-07 -1.881759793800749994e-02
2.940000000000000121e-07 -1.565895571400139838e-02
2.960000000000000035e-07 -1.704130669208839960e-02
2.979999999999999950e-07 -1.493897385680140015e-02
3.000000000000000394e-07 -1.607870388963960132e-02
3.020000000000000308e-07 -1.550241396774870023e-02
3.040000000000000222e-07 -1.543559110102639929e-02
3.060000000000000137e-07 -1.785035035572169956e-02
3.080000000000000051e-07 -1.385904561246619968e-02
3.099999999999999966e-07 -1.831626272214269963e-02
3.120000000000000409e-07 -1.362711924631609950e-02
3.140000000000000324e-07 -1.747488459858730081e-02
3.160000000000000238e-07 -1.343223120797499941e-02
3.180000000000000153e-07 -1.538925501062080037e-02
3.200000000000000067e-07 -1.504622465049989914e-02
3.219999999999999981e-07 -1.248695183608350065e-02
3.240000000000000425e-07 -1.983715496322310118e-02
3.260000000000000340e-07 -1.113284523172759950e-02
3.280000000000000254e-07 -2.209127529906889861e-02
3.300000000000000168e-07 -9.877604683754910228e-03
3.320000000000000083e-07 -2.078096363559290075e-02
3.339999999999999997e-07 -1.037203806197919964e-02
3.360000000000000441e-07 -1.826434121383129980e-02
3.380000000000000355e-07 -1.225007517704869951e-02
3.400000000000000270e-07 -1.642153760938369969e-02
3.420000000000000184e-07 -1.593918232434610172e-02
3.440000000000000098e-07 -1.688346112843050126e-02
3.460000000000000013e-07 -1.749185679440209973e-02
3.480000000000000457e-07 -1.468056684949249971e-02
3.500000000000000371e-07 -1.706170846608329877e-02
3.520000000000000285e-07 -1.341523635617340032e-02
3.540000000000000200e-07 -1.277615130075130008e-02
3.560000000000000114e-07 -1.653104743180579955e-02
3.580000000000000029e-07 -9.438585028723500345e-03
3.600000000000000472e-07 -1.840352507483070110e-02
3.620000000000000387e-07 -7.815919667557579692e-03
3.640000000000000301e-07 -9.533300446808279371e-03
3.660000000000000216e-07 -1.413675589515260046e-02
3.680000000000000130e-07 -4.056582853199039614e-03
3.700000000000000044e-07 -1.600234054298189934e-02
3.720000000000000488e-07 -3.584189454269669835e-03
3.740000000000000403e-07 -1.065227984783679964e-02
3.760000000000000317e-07 -4.021422020727280326e-03
3.780000000000000231e-07 -1.026489619552150082e-02
3.800000000000000146e-07 -5.061540065471410201e-03
3.820000000000000060e-07 -9.150933097406719827e-03
3.840000000000000504e-07 -2.099393437820690038e-03
3.860000000000000418e-07 -4.998197455982379689e-03
3.880000000000000333e-07 -9.267431406244039729e-03
3.900000000000000247e-07 -7.254454249725560133e-03
3.920000000000000161e-07 -1.375114576126779987e-02
3.940000000000000076e-07 2.493611509069169809e-03
3.959999999999999990e-07 -1.308788772269100023e-02
3.980000000000000434e-07 -1.775096132983310006e-03
4.000000000000000348e-07 -1.196926833257980043e-02
4.020000000000000263e-07 -3.975033522013860302e-03
4.040000000000000177e-07 -7.117484407701390320e-03
4.060000000000000092e-07 -7.243748832997280035e-03
4.080000000000000006e-07 -4.756466319586090223e-03
4.100000000000000450e-07 -9.294833403523409740e-03
4.120000000000000364e-07 -5.940431937765889604e-03
4.140000000000000279e-07 9.088284348227160074e-04
4.160000000000000193e-07 -7.803841270306060250e-03
4.180000000000000107e-07 -4.041700505686319708e-03
4.200000000000000022e-07 -1.014165870460360074e-02
4.220000000000000465e-07 -6.229917852017410364e-03
4.240000000000000380e-07 -4.191897281996590126e-03
4.260000000000000294e-07 -2.224758596806149930e-03
4.280000000000000209e-07 -7.917491634252690758e-03
4.300000000000000123e-07 -1.121437249204799980e-02
4.320000000000000037e-07 1.608360086530549954e-03
4.340000000000000481e-07 -7.995924776789250718e-03
4.360000000000000396e-07 1.118488542561619928e-03
4.380000000000000310e-07 -6.511609559659720277e-03
4.400000000000000224e-07 -2.940162126643679989e-03
4.420000000000000139e-07 -4.844508485303309665e-03
4.440000000000000053e-07 -4.448403279454330415e-03
4.460000000000000497e-07 -1.217837255207949998e-02
4.480000000000000411e-07 -7.904611840525040383e-04
4.500000000000000326e-07 -1.086443053379139954e-02
4.520000000000000240e-07 3.318745997467510180e-03
4.540000000000000155e-07 -1.007907705461969991e-02
4.560000000000000069e-07 -2.015443110467419943e-03
4.580000000000000513e-07 -8.882665129246829910e-03
4.600000000000000427e-07 7.913217138349709460e-04
4.620000000000000342e-07 -1.074700023308759918e-02
4.640000000000000256e-07 -4.032574519982759682e-03
4.660000000000000170e-07 -4.668604600015459870e-03
4.680000000000000085e-07 -1.034083194723840055e-02
4.700000000000000528e-07 1.755258517696179970e-04
4.720000000000000443e-07 -8.695324976455769475e-03
4.740000000000000357e-07 4.594969727694990166e-03
4.760000000000000272e-07 -1.170665797695810001e-02
4.780000000000000186e-07 -2.327695968623999870e-03
4.800000000000000630e-07 -1.280859520299450043e-02
4.820000000000000015e-07 -5.194784209698049757e-03
4.840000000000000459e-07 -6.605767806777930289e-03
4.859999999999999844e-07 -3.719354064793210096e-03
4.880000000000000287e-07 -6.523105172935030407e-03
4.900000000000000731e-07 -9.313432894287820840e-03
4.920000000000000116e-07 9.963253250512519731e-05
4.940000000000000560e-07 -8.060254305632289645e-03
4.959999999999999945e-07 7.051829800283539867e-03
4.980000000000000389e-07 -2.904724507887019788e-03
5.000000000000000833e-07 -4.653245282867229937e-03
5.020000000000000218e-07 -5.538695446104129928e-04
5.040000000000000661e-07 -1.699327137665899989e-03
5.060000000000000046e-07 -3.896674211921500133e-04
5.080000000000000490e-07 -2.090821184189670112e-03
5.099999999999999875e-07 -6.132176759022029723e-03
5.120000000000000319e-07 -8.790485402079410357e-03
5.140000000000000763e-07 3.412605542993610123e-03
5.160000000000000148e-07 -1.060639601666760017e-02
5.180000000000000591e-07 -3.883794227926320054e-03
5.199999999999999976e-07 -3.379314409859000053e-03
5.220000000000000420e-07 -9.991496990086860472e-03
5.239999999999999805e-07 -3.141073184567100187e-03
5.260000000000000249e-07 -8.209013896866039148e-03
5.280000000000000693e-07 -8.835816497677079911e-03
5.300000000000000078e-07 -6.871444684970629685e-03
5.320000000000000522e-07 -9.610173645712179538e-03
5.339999999999999907e-07 -6.441181135582669907e-03
5.360000000000000350e-07 -7.168080880844100201e-03
5.380000000000000794e-07 -7.049244481769110365e-03
5.400000000000000179e-07 -7.845399608552780513e-03
5.420000000000000623e-07 -2.375266421812260043e-03
5.440000000000000008e-07 -1.251909029199090029e-02
5.460000000000000452e-07 -1.019261270307170002e-02
5.479999999999999837e-07 -5.585609149912069797e-03
5.500000000000000281e-07 -9.461528034037059928e-03
5.520000000000000724e-07 -1.149415330758509976e-02
5.540000000000000109e-07 -5.421125285063529801e-03
5.560000000000000553e-07 -5.305640972868810173e-03
5.579999999999999938e-07 -4.562629880500199998e-03
5.600000000000000382e-07 -1.169343164008549915e-02
5.620000000000000826e-07 -7.231287404539869790e-03
5.640000000000000211e-07 -5.503689003437990321e-03
5.660000000000000654e-07 -4.843098650339219650e-03
5.680000000000000039e-07 -9.647899007929290616e-03
5.700000000000000483e-07 -4.125214975016899994e-03
5.719999999999999868e-07 -5.023676806547469793e-03
5.740000000000000312e-07 -8.358908885197389310e-03
5.760000000000000756e-07 -4.771016023463739951e-03
5.780000000000000141e-07 -7.110046703528889733e-04
5.800000000000000585e-07 -5.711755811132180304e-03
5.819999999999999970e-07 -1.037683491149859897e-03
5.840000000000000413e-07 1.765418009907719979e-03
5.860000000000000857e-07 1.495129167130829998e-03
5.880000000000000242e-07 2.171933779009809808e-03
5.900000000000000686e-07 5.589149475514800132e-03
5.920000000000000071e-07 9.601100644821730298e-03
5.940000000000000515e-07 1.946733680201189962e-02
5.959999999999999900e-07 1.157325134567560067e-02
5.980000000000000343e-07 2.005037810898480100e-02
6.000000000000000787e-07 1.606880412937140151e-02
6.020000000000000172e-07 3.561035087504319657e-02
6.040000000000000616e-07 3.088362187800339914e-02
6.060000000000000001e-07 4.639344732161909679e-02
6.080000000000000445e-07 4.547457745291900305e-02
6.100000000000000889e-07 5.827849849443909880e-02
6.120000000000000274e-07 7.126215546200509454e-02
6.140000000000000717e-07 8.202712252499549939e-02
6.160000000000000102e-07 9.977719212508319446e-02
6.180000000000000546e-07 1.023647309047260034e-01
6.199999999999999931e-07 1.320959290691330057e-01
6.220000000000000375e-07 1.431612034016780111e-01
6.240000000000000819e-07 1.731202033966879883e-01
6.260000000000000204e-07 1.927869113566720027e-01
6.280000000000000648e-07 2.234186626716740121e-01
6.300000000000000033e-07 2.572623187270010048e-01
6.320000000000000476e-07 2.925085802221309983e-01
6.340000000000000920e-07 3.334138941928950217e-01
6.360000000000000305e-07 3.768957833109439770e-01
6.380000000000000749e-07 4.200928859145319771e-01
6.400000000000000134e-07 4.782580681122159949e-01
6.420000000000000578e-07 5.318877952055539593e-01
6.439999999999999963e-07 5.994469712972280151e-01
6.460000000000000406e-07 6.632699374589049457e-01
6.480000000000000850e-07 7.391413690271549930e-01
6.500000000000000235e-07 8.115168457946709824e-01
6.520000000000000679e-07 8.747852901850330376e-01
6.540000000000000064e-07 9.686763410119549889e-01
6.560000000000000508e-07 1.016821442011069943e+00
6.579999999999999893e-07 1.083311906972219907e+00
6.600000000000000337e-07 1.131765782694120093e+00
6.620000000000000780e-07 1.187253250111450109e+00
6.640000000000000165e-07 1.226409070412439961e+00
6.660000000000000609e-07 1.267306315923039994e+00
6.679999999999999994e-07 1.283923078776989968e+00
6.700000000000000438e-07 1.315804810902799993e+00
6.720000000000000882e-07 1.327111847653350107e+00
6.740000000000000267e-07 1.342053197804029985e+00
6.760000000000000711e-07 1.352810289677740085e+00
6.780000000000000096e-07 1.356514110857959921e+00
6.800000000000000539e-07 1.362043343681140106e+00
6.819999999999999924e-07 1.347788678586459898e+00
6.840000000000000368e-07 1.351115978871020085e+00
6.860000000000000812e-07 1.335807104106490062e+00
6.880000000000000197e-07 1.325427323909259991e+00
6.900000000000000641e-07 1.308602199805009914e+00
6.920000000000000026e-07 1.296225289040370043e+00
6.940000000000000469e-07 1.278664713916890072e+00
6.960000000000000913e-07 1.257006184746050081e+00
6.980000000000000298e-07 1.243790945421449967e+00
7.000000000000000742e-07 1.207742869552830056e+00
7.020000000000000127e-07 1.191842975128380111e+00
7.040000000000000571e-07 1.149925101945419970e+00
7.059999999999999956e-07 1.131057909927819960e+00
7.080000000000000400e-07 1.094750071288580040e+00
7.100000000000000843e-07 1.069486827908300075e+00
7.120000000000000228e-07 1.034480013475969962e+00
7.140000000000000672e-07 1.000423715780160094e+00
7.160000000000000057e-07 9.737151637438049567e-01
7.180000000000000501e-07 9.216908356129870361e-01
7.200000000000000945e-07 8.926863326631719886e-01
7.220000000000000330e-07 8.493808881649309583e-01
7.240000000000000774e-07 8.129009738184630462e-01
7.260000000000000159e-07 7.777466630086380395e-01
7.280000000000000602e-07 7.381992301645350363e-01
7.299999999999999987e-07 6.947772607883430096e-01
7.320000000000000431e-07 6.606262109994359699e-01
7.340000000000000875e-07 6.142358014322379933e-01
7.360000000000000260e-07 5.886740549418879587e-01
7.380000000000000704e-07 5.387610840708130233e-01
7.400000000000000089e-07 4.998983277563119887e-01
7.420000000000000532e-07 4.638227738894240004e-01
7.440000000000000976e-07 4.192836498163839964e-01
7.460000000000000361e-07 3.722485083219290170e-01
7.480000000000000805e-07 3.458323389585289953e-01
7.500000000000000190e-07 2.846039928422059995e-01
7.520000000000000634e-07 2.553834760511479729e-01
7.540000000000000019e-07 2.049747786180139975e-01
7.560000000000000463e-07 1.614852358987780012e-01
7.580000000000000906e-07 1.232284540668460021e-01
7.600000000000000291e-07 8.534113663696099583e-02
7.620000000000000735e-07 4.577454504036920085e-02
7.640000000000000120e-07 2.198774225210549989e-03
7.660000000000000564e-07 -3.602570644405270195e-02
7.680000000000001008e-07 -7.404665597904400154e-02
7.700000000000000393e-07 -1.203602904051020023e-01
7.720000000000000837e-07 -1.603298672389079915e-01
7.740000000000000221e-07 -2.047972875527910019e-01
7.760000000000000665e-07 -2.439763138629700012e-01
7.780000000000000050e-07 -2.810961637698020099e-01
7.800000000000000494e-07 -3.203221277092139774e-01
7.820000000000000938e-07 -3.648575107655390171e-01
7.840000000000000323e-07 -4.051694140736170069e-01
7.860000000000000767e-07 -4.473843566569900010e-01
7.880000000000000152e-07 -4.796652414974009737e-01
7.900000000000000595e-07 -5.211507890746159832e-01
7.919999999999999980e-07 -5.587663425637969805e-01
7.940000000000000424e-07 -5.932776012779940045e-01
7.960000000000000868e-07 -6.353964432168059950e-01
7.980000000000000253e-07 -6.604932635502199778e-01
8.000000000000000697e-07 -7.118528476035319574e-01
8.020000000000000082e-07 -7.381352364114539544e-01
8.040000000000000526e-07 -7.762358840988710096e-01
8.060000000000000969e-07 -8.145424331038639831e-01
8.080000000000000354e-07 -8.460266419352999723e-01
8.100000000000000798e-07 -8.927883811828120075e-01
8.120000000000000183e-07 -9.277276394580089569e-01
8.140000000000000627e-07 -9.635003388494729482e-01
8.160000000000000012e-07 -1.001893537651209920e+00
8.180000000000000456e-07 -1.033502940254829916e+00
8.200000000000000899e-07 -1.074854987438460086e+00
8.220000000000000284e-07 -1.109380980178590104e+00
8.240000000000000728e-07 -1.144704500820689974e+00
8.260000000000000113e-07 -1.179026666496219899e+00
8.280000000000000557e-07 -1.211390170666720056e+00
8.300000000000001001e-07 -1.246034015727059963e+00
8.320000000000000386e-07 -1.281344960687549994e+00
8.340000000000000830e-07 -1.310715633354829990e+00
8.360000000000000215e-07 -1.348780925745219905e+00
8.380000000000000658e-07 -1.378156140957049969e+00
8.400000000000000043e-07 -1.419678462455600032e+00
8.420000000000000487e-07 -1.446506102139510030e+00
8.440000000000000931e-07 -1.479531378370710026e+00
8.460000000000000316e-07 -1.516400152776830046e+00
8.480000000000000760e-07 -1.539636105303370028e+00
8.500000000000000145e-07 -1.578555379039300099e+00
8.520000000000000589e-07 -1.600933510257519954e+00
8.540000000000001032e-07 -1.631437951939799902e+00
8.560000000000000417e-07 -1.658593141499369983e+00
8.580000000000000861e-07 -1.698693938225620093e+00
8.600000000000000246e-07 -1.724422729439140101e+00
8.620000000000000690e-07 -1.769833793272789890e+00
8.640000000000000075e-07 -1.792844640829329927e+00
8.660000000000000519e-07 -1.812486250916319985e+00
8.680000000000000962e-07 -1.849667536466039985e+00
8.700000000000000347e-07 -1.875129187368459904e+00
8.720000000000000791e-07 -1.911828743699540034e+00
8.740000000000000176e-07 -1.948634575047639927e+00
8.760000000000000620e-07 -1.971391208343640011e+00
8.780000000000001064e-07 -2.001158712771439863e+00
8.800000000000000449e-07 -2.025618317257690038e+00
8.820000000000000893e-07 -2.056854210564860175e+00
8.840000000000000278e-07 -2.086052770930269862e+00
8.860000000000000721e-07 -2.107332571156950163e+00
8.880000000000000106e-07 -2.139087419066259876e+00
8.900000000000000550e-07 -2.171276984951540090e+00
8.920000000000000994e-07 -2.190536058301669975e+00
8.940000000000000379e-07 -2.224268555078730003e+00
8.960000000000000823e-07 -2.233912865550450100e+00
8.980000000000000208e-07 -2.268022648907400018e+00
9.000000000000000652e-07 -2.281770756855769910e+00
9.020000000000000037e-07 -2.312956678794389820e+00
9.040000000000000480e-07 -2.332264044617990084e+00
9.060000000000000924e-07 -2.367616253438709961e+00
9.080000000000000309e-07 -2.381348197288899904e+00
9.100000000000000753e-07 -2.406370995231399856e+00
9.120000000000000138e-07 -2.430677121625469894e+00
9.140000000000000582e-07 -2.443997203561230069e+00
9.160000000000001025e-07 -2.468677636133839837e+00
9.180000000000000410e-07 -2.476796150824649878e+00
9.200000000000000854e-07 -2.500647707374690221e+00
9.220000000000000239e-07 -2.507643641455080008e+00
9.240000000000000683e-07 -2.527684489396469836e+00
9.260000000000000068e-07 -2.537552248488939899e+00
9.280000000000000512e-07 -2.557322787587219981e+00
9.300000000000000956e-07 -2.563840319288130054e+00
9.320000000000000341e-07 -2.578676835273329804e+00
9.340000000000000784e-07 -2.591120965046409985e+00
9.360000000000000169e-07 -2.606006480894819788e+00
9.380000000000000613e-07 -2.614880569230229934e+00
9.400000000000001057e-07 -2.629700781134680199e+00
9.420000000000000442e-07 -2.622203341626080153e+00
9.440000000000000886e-07 -2.637385853482570042e+00
9.460000000000000271e-07 -2.624884577716359857e+00
9.480000000000000715e-07 -2.643000880403540087e+00
9.500000000000000100e-07 -2.620744030294750004e+00
9.520000000000000543e-07 -2.635277210370099876e+00
9.540000000000000987e-07 -2.598594574960220172e+00
9.560000000000000372e-07 -2.570481348848249858e+00
9.579999999999999757e-07 -2.459750948605739840e+00
9.600000000000001260e-07 -2.295267590986839856e+00
9.620000000000000645e-07 -1.767154155477459909e+00
9.640000000000000030e-07 -7.935966461584880172e-01
9.660000000000001532e-07 1.189666253201040025e+00
9.680000000000000917e-07 3.685183094054960140e+00
9.700000000000000302e-07 4.498860835434999927e+00
9.719999999999999687e-07 4.785031653271650143e+00
9.740000000000001190e-07 4.749805917594190241e+00
9.760000000000000575e-07 4.710949275522179569e+00
9.779999999999999960e-07 4.561375701821970274e+00
9.800000000000001462e-07 4.452754082653130219e+00
9.820000000000000847e-07 4.334984277500660177e+00
9.840000000000000232e-07 4.211200634969720191e+00
9.859999999999999617e-07 4.054448792420039638e+00
9.880000000000001120e-07 3.942483882960650110e+00
9.900000000000000505e-07 3.774188199812960054e+00
9.919999999999999890e-07 3.625819821637640050e+00
9.940000000000001392e-07 3.517197773551460127e+00
9.960000000000000777e-07 3.378121346404189929e+00
9.980000000000000162e-07 3.269318834290269926e+00
1.000000000000000167e-06 3.133491540378380069e+00
1.002000000000000105e-06 3.025827947808410023e+00
1.004000000000000044e-06 2.911746413499900044e+00
1.005999999999999982e-06 2.812390193347960032e+00
1.008000000000000132e-06 2.710153041203979818e+00
1.010000000000000071e-06 2.617361343301389809e+00
1.012000000000000009e-06 2.516410850372460040e+00
1.014000000000000160e-06 2.425190015359070195e+00
1.016000000000000098e-06 2.337094707750139833e+00
1.018000000000000037e-06 2.241909211906340182e+00
1.019999999999999975e-06 2.152488236636409979e+00
1.022000000000000125e-06 2.062981560095479949e+00
1.024000000000000064e-06 1.970897764647570050e+00
1.026000000000000002e-06 1.886252492518980084e+00
1.028000000000000153e-06 1.797984673334140027e+00
1.030000000000000091e-06 1.708437958992119921e+00
1.032000000000000030e-06 1.627967683802939991e+00
1.033999999999999968e-06 1.542049010810430110e+00
1.036000000000000118e-06 1.467464835262789924e+00
1.038000000000000057e-06 1.389322958737269964e+00
1.039999999999999995e-06 1.327365373289320027e+00
1.042000000000000146e-06 1.251876298955050038e+00
1.044000000000000084e-06 1.195278701219790074e+00
1.046000000000000023e-06 1.137857021259849999e+00
1.047999999999999961e-06 1.074156207672479990e+00
1.050000000000000111e-06 1.019285244832710102e+00
1.052000000000000050e-06 9.510845112440949878e-01
1.053999999999999988e-06 9.094926253376379721e-01
1.056000000000000139e-06 8.420553768239930070e-01
1.058000000000000077e-06 7.909335739244020003e-01
1.060000000000000016e-06 7.165877645932070550e-01
1.062000000000000166e-06 6.660068737976070352e-01
1.064000000000000104e-06 6.037693120450240425e-01
1.066000000000000043e-06 5.518570740423439647e-01
1.067999999999999981e-06 4.898739863892179747e-01
1.070000000000000132e-06 4.434902819212729885e-01
1.072000000000000070e-06 3.794416175961600191e-01
1.074000000000000009e-06 3.377797374219829729e-01
1.076000000000000159e-06 2.830730559665780022e-01
1.078000000000000097e-06 2.389242331479780046e-01
1.080000000000000036e-06 1.940399641398500019e-01
1.081999999999999974e-06 1.466648723647840102e-01
1.084000000000000125e-06 1.100592803930710017e-01
1.086000000000000063e-06 6.717093561434299420e-02
1.088000000000000002e-06 3.519763194833049752e-02
1.090000000000000152e-06 -2.073523759626390078e-04
1.092000000000000090e-06 -2.763149852061730014e-02
1.094000000000000029e-06 -6.217709011107609707e-02
1.095999999999999967e-06 -8.841189382696039434e-02
1.098000000000000118e-06 -1.146548654870429979e-01
1.100000000000000056e-06 -1.360495208212779972e-01
1.101999999999999995e-06 -1.593601311579929958e-01
1.104000000000000145e-06 -1.807999712424470107e-01
1.106000000000000083e-06 -1.970589990187660012e-01
1.108000000000000022e-06 -2.150940175596499915e-01
1.110000000000000172e-06 -2.280190097148689921e-01
1.112000000000000111e-06 -2.530787976563029784e-01
1.114000000000000049e-06 -2.689152850575169951e-01
1.115999999999999988e-06 -2.831185722340709976e-01
1.118000000000000138e-06 -2.936350189484029927e-01
1.120000000000000076e-06 -3.045212595279139789e-01
1.122000000000000015e-06 -3.209439762029219767e-01
1.124000000000000165e-06 -3.253441134916750244e-01
1.126000000000000104e-06 -3.530948475085070037e-01
1.128000000000000042e-06 -3.578112322816620061e-01
1.129999999999999981e-06 -3.829452520308400110e-01
1.132000000000000131e-06 -3.969915533468960089e-01
1.134000000000000069e-06 -4.185383757123670168e-01
1.136000000000000008e-06 -4.276398757465449951e-01
1.138000000000000158e-06 -4.410828582172289791e-01
1.140000000000000097e-06 -4.516977769271520171e-01
1.142000000000000035e-06 -4.610026278833400104e-01
1.143999999999999974e-06 -4.746934649532050243e-01
1.146000000000000124e-06 -4.733101425388330230e-01
1.148000000000000062e-06 -4.742912329609649813e-01
1.150000000000000001e-06 -4.743583417079529907e-01
1.152000000000000151e-06 -4.726041680975089920e-01
1.154000000000000090e-06 -4.727715096677220230e-01
1.156000000000000028e-06 -4.758752018091160219e-01
1.157999999999999967e-06 -4.703326856373660214e-01
1.160000000000000117e-06 -4.760937463090130217e-01
1.162000000000000055e-06 -4.679295868374350187e-01
1.163999999999999994e-06 -4.700106778871520063e-01
1.166000000000000144e-06 -4.560505798373249986e-01
1.168000000000000083e-06 -4.574891935719569980e-01
1.170000000000000021e-06 -4.426023995692420221e-01
1.172000000000000171e-06 -4.438029988277730209e-01
1.174000000000000110e-06 -4.294154328710270141e-01
1.176000000000000048e-06 -4.253493821791889951e-01
1.177999999999999987e-06 -4.174114455952029901e-01
1.180000000000000137e-06 -4.096843206509480084e-01
1.182000000000000076e-06 -3.981947823000280273e-01
1.184000000000000014e-06 -4.037897282693250212e-01
1.186000000000000164e-06 -3.900028520275690136e-01
1.188000000000000103e-06 -3.953527486224009957e-01
1.190000000000000041e-06 -3.899713538249299782e-01
1.191999999999999980e-06 -3.903223896388969827e-01
1.194000000000000130e-06 -3.904780997018569844e-01
1.196000000000000069e-06 -3.922466822127820274e-01
1.198000000000000007e-06 -3.805676780335299769e-01
1.200000000000000157e-06 -3.830688476240610152e-01
1.202000000000000096e-06 -3.793962702058940040e-01
1.204000000000000034e-06 -3.750414718803899983e-01
1.205999999999999973e-06 -3.664184502609160177e-01
1.208000000000000123e-06 -3.610367537990589737e-01
1.210000000000000062e-06 -3.521032310827780232e-01
1.212000000000000000e-06 -3.422992699441920195e-01
1.214000000000000150e-06 -3.324379993460390148e-01
1.216000000000000089e-06 -3.237002326100399952e-01
1.218000000000000027e-06 -3.203613192093430206e-01
1.220000000000000178e-06 -3.123713839563520001e-01
1.222000000000000116e-06 -3.080535201163829839e-01
1.224000000000000055e-06 -3.042804715273160210e-01
1.225999999999999993e-06 -3.020496012943080233e-01
1.228000000000000143e-06 -2.909655550194700235e-01
1.230000000000000082e-06 -2.915538661274870158e-01
1.232000000000000020e-06 -2.883587461859909995e-01
1.234000000000000171e-06 -2.897103587823139925e-01
1.236000000000000109e-06 -2.914469837054229906e-01
1.238000000000000048e-06 -2.932383805675650157e-01
1.239999999999999986e-06 -2.867536608039529811e-01
1.242000000000000136e-06 -2.979225034431500219e-01
1.244000000000000075e-06 -2.872263652866809958e-01
1.246000000000000013e-06 -3.080382301493689856e-01
1.248000000000000164e-06 -2.980656050634880039e-01
1.250000000000000102e-06 -3.094150134390249995e-01
1.252000000000000041e-06 -3.062947425151260061e-01
1.253999999999999979e-06 -3.100424012146860142e-01
1.256000000000000130e-06 -3.165895592574399786e-01
1.258000000000000068e-06 -3.244187824921129781e-01
1.260000000000000007e-06 -3.249998427418669955e-01
1.262000000000000157e-06 -3.299118603940410233e-01
1.264000000000000095e-06 -3.305065600723849917e-01
1.266000000000000034e-06 -3.398477150313959916e-01
1.268000000000000184e-06 -3.291736643948229846e-01
1.270000000000000123e-06 -3.407798753667670155e-01
1.272000000000000061e-06 -3.447071475725290157e-01
1.274000000000000000e-06 -3.350177646480430038e-01
1.276000000000000150e-06 -3.356733350006180228e-01
1.278000000000000088e-06 -3.407479965436249758e-01
1.280000000000000027e-06 -3.307161961445639897e-01
1.282000000000000177e-06 -3.311888573889609777e-01
1.284000000000000116e-06 -3.224978242937769912e-01
1.286000000000000054e-06 -3.144674514691829792e-01
1.287999999999999993e-06 -3.168021958228209867e-01
1.290000000000000143e-06 -3.118980637178250248e-01
1.292000000000000081e-06 -3.077727205265480270e-01
1.294000000000000020e-06 -2.873531198449539859e-01
1.296000000000000170e-06 -2.879343063444549933e-01
1.298000000000000109e-06 -2.757159337426650092e-01
1.300000000000000047e-06 -2.703755384536409845e-01
1.301999999999999986e-06 -2.571860483470160275e-01
1.304000000000000136e-06 -2.452993258053300096e-01
1.306000000000000074e-06 -2.237029822053789863e-01
1.308000000000000013e-06 -2.188550435253729942e-01
1.310000000000000163e-06 -1.958754246457040105e-01
1.312000000000000102e-06 -1.846903147490150110e-01
1.314000000000000040e-06 -1.652454776815160120e-01
1.315999999999999979e-06 -1.414407302296450120e-01
1.318000000000000129e-06 -1.303847323739339981e-01
1.320000000000000067e-06 -1.048892458096870040e-01
1.322000000000000006e-06 -9.039557884549570543e-02
1.324000000000000156e-06 -6.025422026069279791e-02
1.326000000000000095e-06 -4.442702112228989753e-02
1.328000000000000033e-06 -1.395168846512660071e-02
1.330000000000000183e-06 9.142107430538779986e-03
1.332000000000000122e-06 3.923714222002040036e-02
1.334000000000000060e-06 5.226964758359940039e-02
1.335999999999999999e-06 9.085188839557779839e-02
1.338000000000000149e-06 1.143001864042910015e-01
1.340000000000000088e-06 1.370108402066660125e-01
1.342000000000000026e-06 1.701461452545769970e-01
1.344000000000000176e-06 1.948915714476590066e-01
1.346000000000000115e-06 2.289106841563010031e-01
1.348000000000000053e-06 2.513388498635080182e-01
1.349999999999999992e-06 2.880772431351010243e-01
1.352000000000000142e-06 2.968667164234750078e-01
1.354000000000000081e-06 3.285647734009439769e-01
1.356000000000000019e-06 3.438229705135190106e-01
1.358000000000000169e-06 3.690278914050110215e-01
1.360000000000000108e-06 3.900024226881639855e-01
1.362000000000000046e-06 4.038053175317750099e-01
1.363999999999999985e-06 4.226350054517949983e-01
1.366000000000000135e-06 4.312897115670599746e-01
1.368000000000000074e-06 4.482685573006550128e-01
1.370000000000000012e-06 4.448397182660199789e-01
1.372000000000000162e-06 4.645164841493319985e-01
1.374000000000000101e-06 4.652839567942220200e-01
1.376000000000000039e-06 4.765225002366800244e-01
1.378000000000000190e-06 4.730609539019959842e-01
1.380000000000000128e-06 4.780618643212800056e-01
1.382000000000000067e-06 4.748743492168849833e-01
1.384000000000000005e-06 4.798487306022710119e-01
1.386000000000000155e-06 4.701458397537570111e-01
1.388000000000000094e-06 4.715841292160830034e-01
1.390000000000000032e-06 4.614332180766960168e-01
1.392000000000000183e-06 4.592800458178579737e-01
1.394000000000000121e-06 4.498197406837969869e-01
1.396000000000000060e-06 4.512644344151799936e-01
1.397999999999999998e-06 4.471845336670389748e-01
1.400000000000000148e-06 4.356141514701170059e-01
1.402000000000000087e-06 4.338520712873230045e-01
1.404000000000000025e-06 4.192303318858109917e-01
1.406000000000000176e-06 4.089269073666400023e-01
1.408000000000000114e-06 3.955971147707060265e-01
1.410000000000000053e-06 3.950894804622759882e-01
1.411999999999999991e-06 3.753951651316699833e-01
1.414000000000000141e-06 3.701022664230460002e-01
1.416000000000000080e-06 3.668424505305339922e-01
1.418000000000000018e-06 3.510720354622239858e-01
1.420000000000000169e-06 3.469185647194680255e-01
1.422000000000000107e-06 3.324502889315629761e-01
1.424000000000000046e-06 3.214835368101779944e-01
1.425999999999999984e-06 3.159193615216139839e-01
1.428000000000000134e-06 3.044835060253729964e-01
1.430000000000000073e-06 3.045359921379739987e-01
1.432000000000000011e-06 2.847699522849970188e-01
1.434000000000000162e-06 2.786627585393660067e-01
1.436000000000000100e-06 2.573068981218200046e-01
1.438000000000000039e-06 2.579727248574900100e-01
1.440000000000000189e-06 2.410916170791299884e-01
1.442000000000000127e-06 2.337016738152410122e-01
1.444000000000000066e-06 2.172438307994130069e-01
1.446000000000000004e-06 2.033696841920789866e-01
1.448000000000000155e-06 1.963688279236109890e-01
1.450000000000000093e-06 1.784550713799999966e-01
1.452000000000000032e-06 1.693779119403129862e-01
1.454000000000000182e-06 1.587185095796309897e-01
1.456000000000000120e-06 1.613964866215570060e-01
1.458000000000000059e-06 1.358255795175850045e-01
1.459999999999999997e-06 1.424131508983879912e-01
1.462000000000000148e-06 1.247445845984330032e-01
1.464000000000000086e-06 1.234878008350489970e-01
1.466000000000000025e-06 1.095503590541320044e-01
1.468000000000000175e-06 1.051686989014429946e-01
1.470000000000000113e-06 1.003938177068340043e-01
1.472000000000000052e-06 9.111894678344299725e-02
1.473999999999999990e-06 8.567237435603930473e-02
1.476000000000000141e-06 6.901883124650619317e-02
1.478000000000000079e-06 7.436160978670990074e-02
1.480000000000000018e-06 5.787509965539699985e-02
1.482000000000000168e-06 6.257495671225560274e-02
1.484000000000000106e-06 5.459205689792970273e-02
1.486000000000000045e-06 5.726524022350409915e-02
1.488000000000000195e-06 4.533205113716459733e-02
1.490000000000000134e-06 5.684385356690749985e-02
1.492000000000000072e-06 4.253124309896649802e-02
1.494000000000000011e-06 4.429264726407419750e-02
1.496000000000000161e-06 4.177343537530729678e-02
1.498000000000000100e-06 4.276179959814060266e-02
1.500000000000000038e-06 4.610670848466059957e-02
1.502000000000000188e-06 4.490853651350230208e-02
1.504000000000000127e-06 4.642291713493910260e-02
1.506000000000000065e-06 4.472571357480160242e-02
1.508000000000000004e-06 5.177984930426639959e-02
1.510000000000000154e-06 5.012490756460050156e-02
1.512000000000000093e-06 6.464544921935640176e-02
1.514000000000000031e-06 5.441447344021570209e-02
1.516000000000000181e-06 6.968537810935419852e-02
1.518000000000000120e-06 6.534167346425870382e-02
1.520000000000000058e-06 7.711777686613900673e-02
1.521999999999999997e-06 7.566684216317830225e-02
1.524000000000000147e-06 7.765899807857640225e-02
1.526000000000000086e-06 7.875527636372239848e-02
1.528000000000000024e-06 8.610647496291709557e-02
1.530000000000000174e-06 8.634226969011700448e-02
1.532000000000000113e-06 9.416585655317230574e-02
1.534000000000000051e-06 9.049170765811620498e-02
1.536000000000000202e-06 9.331307360834889542e-02
1.538000000000000140e-06 9.403598381649569404e-02
1.540000000000000079e-06 1.027772950371920041e-01
1.542000000000000017e-06 9.787674324209230670e-02
1.544000000000000167e-06 9.926646263970870243e-02
1.546000000000000106e-06 9.838328979945100417e-02
1.548000000000000044e-06 9.879885981651720384e-02
1.550000000000000195e-06 1.050706228176010032e-01
1.552000000000000133e-06 9.559749468957040586e-02
1.554000000000000072e-06 1.051730256595029972e-01
1.556000000000000010e-06 9.685398612881300495e-02
1.558000000000000160e-06 1.034762887062209979e-01
1.560000000000000099e-06 9.527543500866479664e-02
1.562000000000000037e-06 9.621648648750079358e-02
1.564000000000000188e-06 8.490288207211189875e-02
1.566000000000000126e-06 9.544626718683929534e-02
1.568000000000000065e-06 8.291710645639710497e-02
1.570000000000000003e-06 7.981885234021360298e-02
1.572000000000000153e-06 8.133062929640010041e-02
1.574000000000000092e-06 7.255257891243239998e-02
1.576000000000000030e-06 7.121997108141629729e-02
1.578000000000000181e-06 6.057905689642160280e-02
1.580000000000000119e-06 5.650964172320129680e-02
1.582000000000000058e-06 4.976620234693510114e-02
1.583999999999999996e-06 4.506041554049920045e-02
1.586000000000000146e-06 3.972843181527550144e-02
1.588000000000000085e-06 3.193058236316260318e-02
1.590000000000000023e-06 2.248293065761379841e-02
1.592000000000000174e-06 1.825884380106750082e-02
1.594000000000000112e-06 1.599714832205800102e-02
1.596000000000000051e-06 6.266433771459629758e-04
1.598000000000000201e-06 -4.394140975466280172e-03
1.600000000000000139e-06 -1.545881318968349988e-02
1.602000000000000078e-06 -2.565407181030400149e-02
1.604000000000000016e-06 -3.239247950794300196e-02
1.606000000000000167e-06 -4.872725214315429959e-02
1.608000000000000105e-06 -5.013832261228320236e-02
1.610000000000000044e-06 -7.029084299080480547e-02
1.612000000000000194e-06 -6.740461713048259695e-02
1.614000000000000132e-06 -7.659012782901909733e-02
1.616000000000000071e-06 -9.499442550200939972e-02
1.618000000000000009e-06 -8.853545382702529554e-02
1.620000000000000160e-06 -1.154043149217520020e-01
1.622000000000000098e-06 -1.022937622922600043e-01
1.624000000000000037e-06 -1.312702766627799889e-01
1.626000000000000187e-06 -1.284527507003329905e-01
1.628000000000000125e-06 -1.433417065907889865e-01
1.630000000000000064e-06 -1.446533221030329996e-01
1.632000000000000002e-06 -1.622138533230670088e-01
1.634000000000000153e-06 -1.596757822640970104e-01
1.636000000000000091e-06 -1.797710941997630041e-01
1.638000000000000030e-06 -1.691789546709210057e-01
1.640000000000000180e-06 -1.881239354921790119e-01
1.642000000000000118e-06 -1.876304529245489960e-01
1.644000000000000057e-06 -1.941060605883019874e-01
1.646000000000000207e-06 -2.011112013169600032e-01
1.648000000000000146e-06 -2.039558913322649936e-01
1.650000000000000084e-06 -2.068768706652930056e-01
1.652000000000000023e-06 -2.071951339236060008e-01
1.654000000000000173e-06 -2.242918546415750003e-01
1.656000000000000111e-06 -2.168980553326819993e-01
1.658000000000000050e-06 -2.242705013596960062e-01
1.660000000000000200e-06 -2.216566024052049888e-01
1.662000000000000139e-06 -2.273581140584859939e-01
1.664000000000000077e-06 -2.274091533820319921e-01
1.666000000000000016e-06 -2.190776902135830040e-01
1.668000000000000166e-06 -2.229518614525350106e-01
1.670000000000000104e-06 -2.208332408370199951e-01
1.672000000000000043e-06 -2.244910916509109955e-01
1.674000000000000193e-06 -2.207000991055859951e-01
1.676000000000000132e-06 -2.199523445582839964e-01
1.678000000000000070e-06 -2.063337669901099958e-01
1.680000000000000009e-06 -2.190716026157970009e-01
1.682000000000000159e-06 -2.064822362353249952e-01
1.684000000000000097e-06 -1.975938228781400074e-01
1.686000000000000036e-06 -2.061353299999290067e-01
1.688000000000000186e-06 -1.914262844254799867e-01
1.690000000000000125e-06 -1.874198197275450117e-01
1.692000000000000063e-06 -1.848964701785149878e-01
1.694000000000000002e-06 -1.717728021197029997e-01
1.696000000000000152e-06 -1.780125530969660086e-01
1.698000000000000090e-06 -1.588512760271360014e-01
1.700000000000000029e-06 -1.639719228006260021e-01
1.702000000000000179e-06 -1.470601837033919945e-01
1.704000000000000118e-06 -1.455312409264389872e-01
1.706000000000000056e-06 -1.415258656604790055e-01
1.708000000000000206e-06 -1.295752763159450094e-01
1.710000000000000145e-06 -1.207046939025560039e-01
1.712000000000000083e-06 -1.128052873116320021e-01
1.714000000000000022e-06 -1.043386149838859966e-01
1.716000000000000172e-06 -8.650775478687450226e-02
1.718000000000000111e-06 -8.748493086746819691e-02
1.720000000000000049e-06 -6.960931163004950573e-02
1.722000000000000199e-06 -5.742736017220029937e-02
1.724000000000000138e-06 -5.866575121884270300e-02
1.726000000000000076e-06 -3.685390103508510290e-02
1.728000000000000015e-06 -4.425879209510019674e-02
1.730000000000000165e-06 -3.047056428722679997e-02
1.732000000000000104e-06 -9.878761152591569381e-03
1.734000000000000042e-06 -1.418987817051630025e-02
1.736000000000000192e-06 -2.802179421107330124e-03
1.738000000000000131e-06 6.376541656989280146e-03
1.740000000000000069e-06 7.827747260856410608e-03
1.742000000000000008e-06 2.340810937875779929e-02
1.744000000000000158e-06 1.959095013417359865e-02
1.746000000000000097e-06 3.892804662654929942e-02
1.748000000000000035e-06 4.193740651694850136e-02
1.750000000000000186e-06 4.871770660132399705e-02
1.752000000000000124e-06 4.678502414815630117e-02
1.754000000000000063e-06 6.159823582329070069e-02
1.756000000000000213e-06 6.101653790514079828e-02
1.758000000000000151e-06 6.831735666961860631e-02
1.760000000000000090e-06 7.581941404017089603e-02
1.762000000000000028e-06 7.385161137435730661e-02
1.764000000000000179e-06 7.831417202743190531e-02
1.766000000000000117e-06 7.831456163594209541e-02
1.768000000000000056e-06 8.849320241130979869e-02
1.770000000000000206e-06 8.206237627531280665e-02
1.772000000000000144e-06 8.519889130386250342e-02
1.774000000000000083e-06 8.100057250692309363e-02
1.776000000000000021e-06 8.650677621022609398e-02
1.778000000000000172e-06 7.840699598261680059e-02
1.780000000000000110e-06 8.571437310659339726e-02
1.782000000000000049e-06 7.591940418478219932e-02
1.784000000000000199e-06 8.141974532667009545e-02
1.786000000000000137e-06 7.835836767411330506e-02
1.788000000000000076e-06 8.027163220018969370e-02
1.790000000000000014e-06 7.124787894235000418e-02
1.792000000000000165e-06 7.381044662715049998e-02
1.794000000000000103e-06 6.750538103109679500e-02
1.796000000000000042e-06 6.551703393851679436e-02
1.798000000000000192e-06 6.208960416462590282e-02
1.800000000000000130e-06 6.112592773369039667e-02
1.802000000000000069e-06 5.013210933635350169e-02
1.804000000000000007e-06 5.098453103648790258e-02
1.806000000000000158e-06 4.381915620727420274e-02
1.808000000000000096e-06 4.335010135909499879e-02
1.810000000000000035e-06 4.464812594839440152e-02
1.812000000000000185e-06 3.247758217151239940e-02
1.814000000000000123e-06 3.161279436275549887e-02
1.816000000000000062e-06 2.603054437608669919e-02
1.818000000000000212e-06 1.879602147006489976e-02
1.820000000000000151e-06 1.957418838976610065e-02
1.822000000000000089e-06 8.859500397198700333e-03
1.824000000000000028e-06 1.297548148992489978e-02
1.826000000000000178e-06 2.296895454007589956e-03
1.828000000000000116e-06 -3.278789479214510032e-04
1.830000000000000055e-06 -9.363411311905399381e-03
1.832000000000000205e-06 -8.677354371004169630e-04
1.834000000000000144e-06 -1.738305864603879869e-02
1.836000000000000082e-06 -1.344142766129840030e-02
1.838000000000000021e-06 -2.413235047424679841e-02
1.840000000000000171e-06 -1.648775561121509914e-02
1.842000000000000109e-06 -3.645153013014759691e-02
1.844000000000000048e-06 -3.147267209059959742e-02
1.846000000000000198e-06 -3.795477158449139798e-02
1.848000000000000137e-06 -4.333248625251859970e-02
1.850000000000000075e-06 -4.442964920575939725e-02
1.852000000000000014e-06 -4.867903129023930242e-02
1.854000000000000164e-06 -4.996208269440870209e-02
1.856000000000000102e-06 -5.609819158876720030e-02
1.858000000000000041e-06 -4.867152386776359835e-02
1.860000000000000191e-06 -5.874898074939770287e-02
1.862000000000000130e-06 -5.280391445485180246e-02
1.864000000000000068e-06 -6.377457310920700562e-02
1.866000000000000218e-06 -5.431819264793669860e-02
1.868000000000000157e-06 -6.869873464766559912e-02
1.870000000000000095e-06 -5.814190914800009685e-02
1.872000000000000034e-06 -5.864394340941549849e-02
1.874000000000000184e-06 -7.123125414110420550e-02
1.876000000000000123e-06 -5.768627072849610155e-02
1.878000000000000061e-06 -6.656066833489250600e-02
1.880000000000000211e-06 -5.190505721647500209e-02
1.882000000000000150e-06 -6.180282384426560166e-02
1.884000000000000088e-06 -6.391180235901469664e-02
1.886000000000000027e-06 -5.854052652895899711e-02
1.888000000000000177e-06 -6.451580819820550150e-02
1.890000000000000116e-06 -5.560448602919299682e-02
1.892000000000000054e-06 -5.664548906683120055e-02
1.894000000000000204e-06 -5.736790271517169804e-02
1.896000000000000143e-06 -4.827117904633720230e-02
1.898000000000000081e-06 -5.183772910972649778e-02
1.900000000000000020e-06 -4.153227383708309878e-02
1.902000000000000170e-06 -4.492553490601210175e-02
1.904000000000000109e-06 -4.147291221472469702e-02
1.906000000000000047e-06 -3.584172962858810096e-02
1.908000000000000197e-06 -3.621659214884270089e-02
1.909999999999999924e-06 -3.192529077436009888e-02
1.912000000000000074e-06 -2.918205589119689941e-02
1.914000000000000225e-06 -2.885922369184859906e-02
1.915999999999999951e-06 -2.304600198847139847e-02
1.918000000000000102e-06 -2.169200804756679993e-02
1.920000000000000252e-06 -2.059486858470090109e-02
1.921999999999999979e-06 -1.015984424586820027e-02
1.924000000000000129e-06 -1.859654091511080132e-02
1.926000000000000279e-06 -5.819265347686700292e-03
1.928000000000000006e-06 -1.107488642549090026e-02
1.930000000000000156e-06 2.732454949195219866e-03
1.932000000000000306e-06 1.769844504317479939e-03
1.934000000000000033e-06 6.466747253219570432e-03
1.936000000000000183e-06 8.201069412182779295e-03
1.937999999999999910e-06 7.775748296451390207e-03
1.940000000000000060e-06 8.902710365583049387e-03
1.942000000000000211e-06 1.757422324985500120e-02
1.943999999999999937e-06 1.112914768471210021e-02
1.946000000000000088e-06 1.831469637651569893e-02
1.948000000000000238e-06 2.267422751736630077e-02
1.949999999999999965e-06 2.598311102948000148e-02
1.952000000000000115e-06 2.098226576157579890e-02
1.954000000000000265e-06 2.823874773048019871e-02
1.955999999999999992e-06 3.108174965164019893e-02
1.958000000000000142e-06 2.785165620613510098e-02
1.960000000000000292e-06 3.471643412746300283e-02
1.962000000000000019e-06 2.625433687492429932e-02
1.964000000000000169e-06 3.744885666277170122e-02
1.966000000000000320e-06 2.807267964635659988e-02
1.968000000000000046e-06 4.226407720580870053e-02
1.970000000000000197e-06 2.714033686074730084e-02
1.971999999999999923e-06 3.865509322268519815e-02
1.974000000000000074e-06 3.363988057794339848e-02
1.976000000000000224e-06 3.158075680229120025e-02
1.977999999999999951e-06 3.667746539346070089e-02
1.980000000000000101e-06 2.632033485275400014e-02
1.982000000000000251e-06 3.112087478059720122e-02
1.983999999999999978e-06 2.252236993053829961e-02
1.986000000000000128e-06 3.551641606724519756e-02
1.988000000000000278e-06 2.093147543662500151e-02
1.990000000000000005e-06 4.301542090823069764e-02
1.992000000000000155e-06 1.680267950739260108e-02
1.994000000000000306e-06 3.434087930366890029e-02
1.996000000000000032e-06 1.902631748638769840e-02
1.998000000000000183e-06 2.249635063239400004e-02
