# time (s) | pressure amplitude (MPa)
0.000000000000000000e+00 -2.720000000000000195e-03
2.000000000000000125e-09 -3.310000000000000008e-03
4.000000000000000249e-09 -2.060000000000000199e-03
6.000000000000000787e-09 -2.840000000000000076e-03
8.000000000000000498e-09 -3.380000000000000192e-03
1.000000000000000021e-08 -3.340000000000000087e-03
1.200000000000000157e-08 -3.409999999999999837e-03
1.400000000000000129e-08 -4.660000000000000080e-03
1.600000000000000100e-08 -2.560000000000000209e-03
1.800000000000000236e-08 -2.939999999999999905e-03
2.000000000000000042e-08 -3.910000000000000281e-03
2.200000000000000178e-08 -4.250000000000000305e-03
2.400000000000000315e-08 -5.159999999999999656e-03
2.600000000000000121e-08 -3.749999999999999861e-03
2.800000000000000257e-08 -4.559999999999999817e-03
3.000000000000000394e-08 -4.720000000000000237e-03
3.200000000000000199e-08 -6.159999999999999677e-03
3.400000000000000005e-08 -6.470000000000000057e-03
3.600000000000000472e-08 -6.309999999999999637e-03
3.800000000000000278e-08 -5.839999999999999705e-03
4.000000000000000084e-08 -7.029999999999999791e-03
4.200000000000000551e-08 -5.629999999999999588e-03
4.400000000000000357e-08 -6.810000000000000081e-03
4.600000000000000162e-08 -8.130000000000000074e-03
4.800000000000000630e-08 -7.969999999999999654e-03
5.000000000000000435e-08 -6.159999999999999677e-03
5.200000000000000241e-08 -7.590000000000000392e-03
5.400000000000000047e-08 -6.939999999999999988e-03
5.600000000000000514e-08 -7.440000000000000432e-03
5.800000000000000320e-08 -8.089999999999999969e-03
6.000000000000000787e-08 -8.309999999999999679e-03
6.199999999999999931e-08 -8.219999999999999876e-03
6.400000000000000399e-08 -8.880000000000000740e-03
6.600000000000000866e-08 -7.000000000000000146e-03
6.800000000000000010e-08 -6.969999999999999633e-03
7.000000000000000477e-08 -7.159999999999999698e-03
7.200000000000000945e-08 -6.720000000000000279e-03
7.400000000000000089e-08 -6.130000000000000032e-03
7.600000000000000556e-08 -5.879999999999999810e-03
7.800000000000001023e-08 -4.969999999999999592e-03
8.000000000000000167e-08 -5.969999999999999613e-03
8.200000000000000635e-08 -4.590000000000000330e-03
8.400000000000001102e-08 -4.969999999999999592e-03
8.600000000000000246e-08 -3.749999999999999861e-03
8.800000000000000714e-08 -3.530000000000000152e-03
9.000000000000001181e-08 -2.840000000000000076e-03
9.200000000000000325e-08 -8.440000000000000236e-04
9.400000000000000792e-08 -9.060000000000000128e-04
9.600000000000001260e-08 -3.439999999999999915e-03
9.800000000000000404e-08 -7.190000000000000210e-04
1.000000000000000087e-07 6.299999999999999990e-05
1.020000000000000001e-07 1.340000000000000045e-03
1.040000000000000048e-07 1.309999999999999967e-03
1.060000000000000095e-07 2.880000000000000181e-03
1.080000000000000009e-07 2.190000000000000106e-03
1.100000000000000056e-07 1.750000000000000036e-03
1.120000000000000103e-07 1.719999999999999958e-03
1.140000000000000017e-07 3.380000000000000192e-03
1.160000000000000064e-07 2.749999999999999840e-03
1.180000000000000111e-07 4.129999999999999991e-03
1.200000000000000157e-07 3.000000000000000062e-03
1.220000000000000072e-07 4.530000000000000172e-03
1.239999999999999986e-07 4.250000000000000305e-03
1.260000000000000165e-07 4.939999999999999947e-03
1.280000000000000080e-07 5.159999999999999656e-03
1.299999999999999994e-07 6.629999999999999609e-03
1.320000000000000173e-07 6.440000000000000412e-03
1.340000000000000088e-07 7.000000000000000146e-03
1.360000000000000002e-07 7.089999999999999948e-03
1.380000000000000181e-07 8.309999999999999679e-03
1.400000000000000095e-07 8.309999999999999679e-03
1.420000000000000010e-07 9.029999999999999832e-03
1.440000000000000189e-07 6.910000000000000343e-03
1.460000000000000103e-07 9.560000000000000789e-03
1.480000000000000018e-07 8.720000000000000320e-03
1.500000000000000197e-07 6.910000000000000343e-03
1.520000000000000111e-07 9.629999999999999671e-03
1.540000000000000026e-07 1.047000000000000014e-02
1.560000000000000205e-07 1.094000000000000007e-02
1.580000000000000119e-07 1.047000000000000014e-02
1.600000000000000033e-07 1.131000000000000061e-02
1.620000000000000213e-07 1.169000000000000074e-02
1.640000000000000127e-07 1.131000000000000061e-02
1.660000000000000041e-07 1.240999999999999916e-02
1.680000000000000220e-07 1.090999999999999956e-02
1.700000000000000135e-07 1.200000000000000025e-02
1.720000000000000049e-07 1.141000000000000000e-02
1.740000000000000228e-07 1.003000000000000072e-02
1.760000000000000143e-07 9.090000000000000857e-03
1.780000000000000057e-07 9.660000000000000184e-03
1.800000000000000236e-07 9.249999999999999542e-03
1.820000000000000151e-07 1.021999999999999992e-02
1.840000000000000065e-07 9.690000000000000696e-03
1.860000000000000244e-07 9.310000000000000567e-03
1.880000000000000158e-07 7.910000000000000364e-03
1.900000000000000073e-07 7.159999999999999698e-03
1.920000000000000252e-07 7.409999999999999920e-03
1.940000000000000166e-07 6.689999999999999766e-03
1.960000000000000081e-07 6.409999999999999899e-03
1.979999999999999995e-07 6.689999999999999766e-03
2.000000000000000174e-07 7.629999999999999630e-03
2.020000000000000089e-07 5.939999999999999968e-03
2.040000000000000003e-07 4.499999999999999660e-03
2.060000000000000182e-07 5.190000000000000169e-03
2.080000000000000096e-07 4.660000000000000080e-03
2.100000000000000011e-07 9.690000000000000262e-04
2.120000000000000190e-07 -1.160000000000000007e-03
2.140000000000000104e-07 1.190000000000000085e-03
2.160000000000000019e-07 2.809999999999999998e-04
2.180000000000000198e-07 -9.380000000000000317e-04
2.200000000000000112e-07 -5.630000000000000239e-04
2.220000000000000027e-07 -4.060000000000000024e-04
2.240000000000000206e-07 -3.440000000000000132e-04
2.260000000000000120e-07 7.190000000000000210e-04
2.280000000000000034e-07 2.809999999999999998e-04
2.300000000000000214e-07 5.630000000000000239e-04
2.320000000000000128e-07 2.809999999999999998e-04
2.340000000000000042e-07 -6.250000000000000130e-04
2.360000000000000221e-07 5.310000000000000050e-04
2.380000000000000136e-07 1.340000000000000045e-03
2.400000000000000315e-07 2.190000000000000106e-04
2.420000000000000229e-07 -6.880000000000000265e-04
2.440000000000000144e-07 -1.879999999999999890e-04
2.460000000000000058e-07 6.250000000000000130e-04
2.479999999999999972e-07 -4.690000000000000158e-04
2.500000000000000416e-07 -1.059999999999999961e-03
2.520000000000000331e-07 -9.060000000000000128e-04
2.540000000000000245e-07 6.250000000000000130e-04
2.560000000000000159e-07 4.060000000000000024e-04
2.580000000000000074e-07 4.690000000000000158e-04
2.599999999999999988e-07 3.440000000000000132e-04
2.619999999999999903e-07 -1.879999999999999890e-04
2.640000000000000346e-07 1.160000000000000007e-03
2.660000000000000261e-07 2.500000000000000052e-04
2.680000000000000175e-07 9.690000000000000262e-04
2.700000000000000090e-07 -1.090000000000000040e-03
2.720000000000000004e-07 -5.630000000000000239e-04
2.739999999999999918e-07 2.500000000000000052e-04
2.760000000000000362e-07 7.500000000000000156e-04
2.780000000000000277e-07 -7.810000000000000102e-04
2.800000000000000191e-07 9.060000000000000128e-04
2.820000000000000105e-07 1.559999999999999972e-04
2.840000000000000020e-07 9.060000000000000128e-04
2.859999999999999934e-07 -2.500000000000000052e-04
2.880000000000000378e-07 1.030000000000000100e-03
2.900000000000000292e-07 9.399999999999999448e-05
2.920000000000000207e-07 -3.100000000000000135e-05
2.940000000000000121e-07 -1.030000000000000100e-03
2.960000000000000035e-07 -1.190000000000000085e-03
2.979999999999999950e-07 -4.690000000000000158e-04
3.000000000000000394e-07 -3.440000000000000132e-04
3.020000000000000308e-07 2.190000000000000106e-04
3.040000000000000222e-07 4.380000000000000213e-04
3.060000000000000137e-07 -6.299999999999999990e-05
3.080000000000000051e-07 3.440000000000000132e-04
3.099999999999999966e-07 -8.130000000000000291e-04
3.120000000000000409e-07 3.750000000000000078e-04
3.140000000000000324e-07 -4.380000000000000213e-04
3.160000000000000238e-07 -2.809999999999999998e-04
3.180000000000000153e-07 -1.000000000000000021e-03
3.200000000000000067e-07 1.129999999999999928e-03
3.219999999999999981e-07 -3.130000000000000187e-04
3.240000000000000425e-07 2.500000000000000052e-04
3.260000000000000340e-07 7.500000000000000156e-04
3.280000000000000254e-07 -5.630000000000000239e-04
3.300000000000000168e-07 3.130000000000000187e-04
3.320000000000000083e-07 -3.750000000000000078e-04
3.339999999999999997e-07 -4.060000000000000024e-04
3.360000000000000441e-07 -2.190000000000000106e-04
3.380000000000000355e-07 -4.690000000000000158e-04
3.400000000000000270e-07 7.500000000000000156e-04
3.420000000000000184e-07 -3.750000000000000078e-04
3.440000000000000098e-07 2.190000000000000106e-04
3.460000000000000013e-07 4.380000000000000213e-04
3.480000000000000457e-07 5.940000000000000184e-04
3.500000000000000371e-07 8.750000000000000182e-04
3.520000000000000285e-07 -3.100000000000000135e-05
3.540000000000000200e-07 -4.380000000000000213e-04
3.560000000000000114e-07 6.880000000000000265e-04
3.580000000000000029e-07 1.559999999999999972e-04
3.600000000000000472e-07 1.090000000000000040e-03
3.620000000000000387e-07 -1.410000000000000012e-03
3.640000000000000301e-07 3.100000000000000135e-05
3.660000000000000216e-07 -3.100000000000000135e-05
3.680000000000000130e-07 5.310000000000000050e-04
3.700000000000000044e-07 1.309999999999999967e-03
3.720000000000000488e-07 3.130000000000000187e-04
3.740000000000000403e-07 -3.130000000000000187e-04
3.760000000000000317e-07 4.380000000000000213e-04
3.780000000000000231e-07 -1.559999999999999972e-04
3.800000000000000146e-07 5.000000000000000104e-04
3.820000000000000060e-07 -3.100000000000000135e-05
3.840000000000000504e-07 5.000000000000000104e-04
3.860000000000000418e-07 2.500000000000000052e-04
3.880000000000000333e-07 -8.130000000000000291e-04
3.900000000000000247e-07 2.190000000000000106e-04
3.920000000000000161e-07 1.090000000000000040e-03
3.940000000000000076e-07 5.630000000000000239e-04
3.959999999999999990e-07 9.380000000000000317e-04
3.980000000000000434e-07 5.310000000000000050e-04
4.000000000000000348e-07 -3.130000000000000187e-04
4.020000000000000263e-07 2.809999999999999998e-04
4.040000000000000177e-07 -1.280000000000000105e-03
4.060000000000000092e-07 6.560000000000000076e-04
4.080000000000000006e-07 -2.190000000000000106e-04
4.100000000000000450e-07 -1.879999999999999890e-04
4.120000000000000364e-07 3.130000000000000187e-04
4.140000000000000279e-07 2.500000000000000052e-04
4.160000000000000193e-07 1.250000000000000026e-04
4.180000000000000107e-07 3.750000000000000078e-04
4.200000000000000022e-07 -4.380000000000000213e-04
4.220000000000000465e-07 6.250000000000000130e-04
4.240000000000000380e-07 -9.399999999999999448e-05
4.260000000000000294e-07 -6.250000000000000130e-04
4.280000000000000209e-07 -6.560000000000000076e-04
4.300000000000000123e-07 4.060000000000000024e-04
4.320000000000000037e-07 2.190000000000000106e-04
4.340000000000000481e-07 1.129999999999999928e-03
4.360000000000000396e-07 4.060000000000000024e-04
4.380000000000000310e-07 2.500000000000000052e-04
4.400000000000000224e-07 0.000000000000000000e+00
4.420000000000000139e-07 2.809999999999999998e-04
4.440000000000000053e-07 6.299999999999999990e-05
4.460000000000000497e-07 6.299999999999999990e-05
4.480000000000000411e-07 -3.100000000000000135e-05
4.500000000000000326e-07 7.810000000000000102e-04
4.520000000000000240e-07 -9.380000000000000317e-04
4.540000000000000155e-07 2.500000000000000052e-04
4.560000000000000069e-07 3.440000000000000132e-04
4.580000000000000513e-07 -3.440000000000000132e-04
4.600000000000000427e-07 8.440000000000000236e-04
4.620000000000000342e-07 3.100000000000000135e-05
4.640000000000000256e-07 -3.440000000000000132e-04
4.660000000000000170e-07 4.060000000000000024e-04
4.680000000000000085e-07 -6.299999999999999990e-05
4.700000000000000528e-07 -2.190000000000000106e-04
4.720000000000000443e-07 1.190000000000000085e-03
4.740000000000000357e-07 -9.690000000000000262e-04
4.760000000000000272e-07 5.630000000000000239e-04
4.780000000000000186e-07 6.560000000000000076e-04
4.800000000000000630e-07 4.060000000000000024e-04
4.820000000000000015e-07 -1.250000000000000026e-04
4.840000000000000459e-07 3.440000000000000132e-04
4.859999999999999844e-07 6.560000000000000076e-04
4.880000000000000287e-07 -2.809999999999999998e-04
4.900000000000000731e-07 -1.879999999999999890e-04
4.920000000000000116e-07 -2.190000000000000106e-04
4.940000000000000560e-07 1.000000000000000021e-03
4.959999999999999945e-07 -7.190000000000000210e-04
4.980000000000000389e-07 9.399999999999999448e-05
5.000000000000000833e-07 -7.190000000000000210e-04
5.020000000000000218e-07 -2.809999999999999998e-04
5.040000000000000661e-07 -6.560000000000000076e-04
5.060000000000000046e-07 6.250000000000000130e-04
5.080000000000000490e-07 1.250000000000000026e-03
5.099999999999999875e-07 6.250000000000000130e-04
5.120000000000000319e-07 1.000000000000000021e-03
5.140000000000000763e-07 2.809999999999999998e-04
5.160000000000000148e-07 -1.879999999999999890e-04
5.180000000000000591e-07 6.250000000000000130e-04
5.199999999999999976e-07 1.879999999999999890e-04
5.220000000000000420e-07 -9.399999999999999448e-05
5.239999999999999805e-07 1.879999999999999890e-04
5.260000000000000249e-07 -6.299999999999999990e-05
5.280000000000000693e-07 -4.380000000000000213e-04
5.300000000000000078e-07 1.280000000000000105e-03
5.320000000000000522e-07 -6.250000000000000130e-04
5.339999999999999907e-07 3.130000000000000187e-04
5.360000000000000350e-07 -3.100000000000000135e-05
5.380000000000000794e-07 -1.090000000000000040e-03
5.400000000000000179e-07 5.000000000000000104e-04
5.420000000000000623e-07 1.250000000000000026e-04
5.440000000000000008e-07 -3.100000000000000135e-05
5.460000000000000452e-07 1.250000000000000026e-04
5.479999999999999837e-07 -1.250000000000000026e-04
5.500000000000000281e-07 -5.630000000000000239e-04
5.520000000000000724e-07 -3.100000000000000135e-05
5.540000000000000109e-07 7.190000000000000210e-04
5.560000000000000553e-07 -9.399999999999999448e-05
5.579999999999999938e-07 -9.690000000000000262e-04
5.600000000000000382e-07 -2.500000000000000052e-04
5.620000000000000826e-07 -1.250000000000000026e-04
5.640000000000000211e-07 1.559999999999999972e-04
5.660000000000000654e-07 0.000000000000000000e+00
5.680000000000000039e-07 2.190000000000000106e-04
5.700000000000000483e-07 -3.100000000000000135e-05
5.719999999999999868e-07 6.250000000000000130e-04
5.740000000000000312e-07 7.500000000000000156e-04
5.760000000000000756e-07 1.340000000000000045e-03
5.780000000000000141e-07 8.750000000000000182e-04
5.800000000000000585e-07 0.000000000000000000e+00
5.819999999999999970e-07 1.219999999999999947e-03
5.840000000000000413e-07 9.380000000000000317e-04
5.860000000000000857e-07 7.190000000000000210e-04
5.880000000000000242e-07 1.410000000000000012e-03
5.900000000000000686e-07 8.750000000000000182e-04
5.920000000000000071e-07 1.809999999999999977e-03
5.940000000000000515e-07 2.530000000000000131e-03
5.959999999999999900e-07 3.089999999999999865e-03
5.980000000000000343e-07 3.220000000000000206e-03
6.000000000000000787e-07 4.000000000000000083e-03
6.020000000000000172e-07 4.440000000000000370e-03
6.040000000000000616e-07 6.219999999999999835e-03
6.060000000000000001e-07 8.130000000000000074e-03
6.080000000000000445e-07 8.999999999999999320e-03
6.100000000000000889e-07 1.018999999999999941e-02
6.120000000000000274e-07 1.375000000000000007e-02
6.140000000000000717e-07 1.587999999999999828e-02
6.160000000000000102e-07 1.788000000000000006e-02
6.180000000000000546e-07 2.021999999999999839e-02
6.199999999999999931e-07 2.421999999999999847e-02
6.220000000000000375e-07 2.624999999999999903e-02
6.240000000000000819e-07 3.043999999999999831e-02
6.260000000000000204e-07 3.452999999999999819e-02
6.280000000000000648e-07 4.075000000000000150e-02
6.300000000000000033e-07 4.497000000000000303e-02
6.320000000000000476e-07 5.122000000000000164e-02
6.340000000000000920e-07 5.838000000000000134e-02
6.360000000000000305e-07 6.715999999999999748e-02
6.380000000000000749e-07 7.359000000000000263e-02
6.400000000000000134e-07 8.402999999999999359e-02
6.420000000000000578e-07 9.241000000000000603e-02
6.439999999999999963e-07 1.051900000000000057e-01
6.460000000000000406e-07 1.176600000000000007e-01
6.480000000000000850e-07 1.279399999999999982e-01
6.500000000000000235e-07 1.406600000000000072e-01
6.520000000000000679e-07 1.544999999999999984e-01
6.540000000000000064e-07 1.643799999999999983e-01
6.560000000000000508e-07 1.751600000000000101e-01
6.579999999999999893e-07 1.861299999999999899e-01
6.600000000000000337e-07 1.941299999999999970e-01
6.620000000000000780e-07 2.029100000000000070e-01
6.640000000000000165e-07 2.098099999999999965e-01
6.660000000000000609e-07 2.142199999999999938e-01
6.679999999999999994e-07 2.193799999999999917e-01
6.700000000000000438e-07 2.205000000000000016e-01
6.720000000000000882e-07 2.226899999999999991e-01
6.740000000000000267e-07 2.245000000000000051e-01
6.760000000000000711e-07 2.233400000000000107e-01
6.780000000000000096e-07 2.242800000000000071e-01
6.800000000000000539e-07 2.232800000000000062e-01
6.819999999999999924e-07 2.207500000000000018e-01
6.840000000000000368e-07 2.192800000000000027e-01
6.860000000000000812e-07 2.165300000000000002e-01
6.880000000000000197e-07 2.140299999999999980e-01
6.900000000000000641e-07 2.094100000000000128e-01
6.920000000000000026e-07 2.051300000000000068e-01
6.940000000000000469e-07 1.982800000000000118e-01
6.960000000000000913e-07 1.946900000000000019e-01
6.980000000000000298e-07 1.902800000000000047e-01
7.000000000000000742e-07 1.833100000000000007e-01
7.020000000000000127e-07 1.788800000000000112e-01
7.040000000000000571e-07 1.714400000000000091e-01
7.059999999999999956e-07 1.645600000000000118e-01
7.080000000000000400e-07 1.599399999999999988e-01
7.100000000000000843e-07 1.522799999999999987e-01
7.120000000000000228e-07 1.461600000000000121e-01
7.140000000000000672e-07 1.389100000000000057e-01
7.160000000000000057e-07 1.315900000000000125e-01
7.180000000000000501e-07 1.257199999999999984e-01
7.200000000000000945e-07 1.196600000000000025e-01
7.220000000000000330e-07 1.093400000000000066e-01
7.240000000000000774e-07 1.003099999999999964e-01
7.260000000000000159e-07 9.278000000000000136e-02
7.280000000000000602e-07 8.652999999999999581e-02
7.299999999999999987e-07 7.799999999999999989e-02
7.320000000000000431e-07 7.012999999999999790e-02
7.340000000000000875e-07 6.290999999999999370e-02
7.360000000000000260e-07 5.509000000000000008e-02
7.380000000000000704e-07 4.708999999999999991e-02
7.400000000000000089e-07 3.819000000000000172e-02
7.420000000000000532e-07 3.005999999999999991e-02
7.440000000000000976e-07 2.174999999999999850e-02
7.460000000000000361e-07 1.328000000000000014e-02
7.480000000000000805e-07 4.250000000000000305e-03
7.500000000000000190e-07 -3.779999999999999940e-03
7.520000000000000634e-07 -1.141000000000000000e-02
7.540000000000000019e-07 -2.162999999999999992e-02
7.560000000000000463e-07 -2.818999999999999978e-02
7.580000000000000906e-07 -3.633999999999999730e-02
7.600000000000000291e-07 -4.687999999999999806e-02
7.620000000000000735e-07 -5.487999999999999823e-02
7.640000000000000120e-07 -6.246999999999999775e-02
7.660000000000000564e-07 -7.044000000000000261e-02
7.680000000000001008e-07 -7.931000000000000549e-02
7.700000000000000393e-07 -8.780999999999999917e-02
7.720000000000000837e-07 -9.538000000000000644e-02
7.740000000000000221e-07 -1.046300000000000008e-01
7.760000000000000665e-07 -1.105899999999999939e-01
7.780000000000000050e-07 -1.188799999999999996e-01
7.800000000000000494e-07 -1.266299999999999926e-01
7.820000000000000938e-07 -1.327500000000000069e-01
7.840000000000000323e-07 -1.406600000000000072e-01
7.860000000000000767e-07 -1.468399999999999983e-01
7.880000000000000152e-07 -1.559699999999999975e-01
7.900000000000000595e-07 -1.640600000000000114e-01
7.919999999999999980e-07 -1.683800000000000019e-01
7.940000000000000424e-07 -1.757799999999999918e-01
7.960000000000000868e-07 -1.824699999999999933e-01
7.980000000000000253e-07 -1.898799999999999932e-01
8.000000000000000697e-07 -1.943799999999999972e-01
8.020000000000000082e-07 -2.006600000000000050e-01
8.040000000000000526e-07 -2.069699999999999873e-01
8.060000000000000969e-07 -2.114999999999999936e-01
8.080000000000000354e-07 -2.167800000000000005e-01
8.100000000000000798e-07 -2.212200000000000000e-01
8.120000000000000183e-07 -2.268100000000000116e-01
8.140000000000000627e-07 -2.321900000000000075e-01
8.160000000000000012e-07 -2.373099999999999932e-01
8.180000000000000456e-07 -2.406600000000000128e-01
8.200000000000000899e-07 -2.456599999999999895e-01
8.220000000000000284e-07 -2.494699999999999973e-01
8.240000000000000728e-07 -2.529699999999999727e-01
8.260000000000000113e-07 -2.569100000000000272e-01
8.280000000000000557e-07 -2.609699999999999798e-01
8.300000000000001001e-07 -2.644699999999999829e-01
8.320000000000000386e-07 -2.676600000000000090e-01
8.340000000000000830e-07 -2.726600000000000135e-01
8.360000000000000215e-07 -2.755900000000000016e-01
8.380000000000000658e-07 -2.807200000000000251e-01
8.400000000000000043e-07 -2.824999999999999734e-01
8.420000000000000487e-07 -2.867799999999999794e-01
8.440000000000000931e-07 -2.890599999999999836e-01
8.460000000000000316e-07 -2.911900000000000044e-01
8.480000000000000760e-07 -2.958399999999999919e-01
8.500000000000000145e-07 -2.984100000000000086e-01
8.520000000000000589e-07 -3.027799999999999936e-01
8.540000000000001032e-07 -3.044100000000000139e-01
8.560000000000000417e-07 -3.072500000000000231e-01
8.580000000000000861e-07 -3.111599999999999921e-01
8.600000000000000246e-07 -3.134100000000000219e-01
8.620000000000000690e-07 -3.156900000000000261e-01
8.640000000000000075e-07 -3.201899999999999746e-01
8.660000000000000519e-07 -3.213400000000000145e-01
8.680000000000000962e-07 -3.241299999999999737e-01
8.700000000000000347e-07 -3.260000000000000120e-01
8.720000000000000791e-07 -3.281899999999999817e-01
8.740000000000000176e-07 -3.300299999999999900e-01
8.760000000000000620e-07 -3.339099999999999846e-01
8.780000000000001064e-07 -3.362200000000000188e-01
8.800000000000000449e-07 -3.389400000000000190e-01
8.820000000000000893e-07 -3.394400000000000195e-01
8.840000000000000278e-07 -3.406899999999999928e-01
8.860000000000000721e-07 -3.421899999999999942e-01
8.880000000000000106e-07 -3.436899999999999955e-01
8.900000000000000550e-07 -3.450900000000000079e-01
8.920000000000000994e-07 -3.460300000000000042e-01
8.940000000000000379e-07 -3.472199999999999731e-01
8.960000000000000823e-07 -3.475599999999999801e-01
8.980000000000000208e-07 -3.480300000000000060e-01
9.000000000000000652e-07 -3.497799999999999798e-01
9.020000000000000037e-07 -3.505300000000000082e-01
9.040000000000000480e-07 -3.509099999999999997e-01
9.060000000000000924e-07 -3.514100000000000001e-01
9.080000000000000309e-07 -3.509099999999999997e-01
9.100000000000000753e-07 -3.522500000000000075e-01
9.120000000000000138e-07 -3.521299999999999986e-01
9.140000000000000582e-07 -3.534999999999999809e-01
9.160000000000001025e-07 -3.516599999999999726e-01
9.180000000000000410e-07 -3.528399999999999870e-01
9.200000000000000854e-07 -3.518399999999999861e-01
9.220000000000000239e-07 -3.525300000000000100e-01
9.240000000000000683e-07 -3.511600000000000277e-01
9.260000000000000068e-07 -3.492199999999999749e-01
9.280000000000000512e-07 -3.500300000000000078e-01
9.300000000000000956e-07 -3.493399999999999839e-01
9.320000000000000341e-07 -3.500599999999999823e-01
9.340000000000000784e-07 -3.496299999999999963e-01
9.360000000000000169e-07 -3.484400000000000275e-01
9.380000000000000613e-07 -3.463399999999999812e-01
9.400000000000001057e-07 -3.461299999999999932e-01
9.420000000000000442e-07 -3.440900000000000070e-01
9.440000000000000886e-07 -3.422799999999999732e-01
9.460000000000000271e-07 -3.418100000000000027e-01
9.480000000000000715e-07 -3.401299999999999879e-01
9.500000000000000100e-07 -3.382800000000000251e-01
9.520000000000000543e-07 -3.378800000000000137e-01
9.540000000000000987e-07 -3.347200000000000175e-01
9.560000000000000372e-07 -3.288099999999999912e-01
9.579999999999999757e-07 -2.941599999999999770e-01
9.600000000000001260e-07 -1.882500000000000007e-01
9.620000000000000645e-07 7.629999999999999630e-03
9.640000000000000030e-07 2.756299999999999861e-01
9.660000000000001532e-07 5.181299999999999795e-01
9.680000000000000917e-07 6.383400000000000185e-01
9.700000000000000302e-07 6.911899999999999711e-01
9.719999999999999687e-07 7.503400000000000070e-01
9.740000000000001190e-07 8.138800000000000479e-01
9.760000000000000575e-07 8.526599999999999735e-01
9.779999999999999960e-07 8.616599999999999815e-01
9.800000000000001462e-07 8.489100000000000534e-01
9.820000000000000847e-07 8.257200000000000095e-01
9.840000000000000232e-07 7.994099999999999540e-01
9.859999999999999617e-07 7.718099999999999961e-01
9.880000000000001120e-07 7.452800000000000535e-01
9.900000000000000505e-07 7.179999999999999716e-01
9.919999999999999890e-07 6.962800000000000100e-01
9.940000000000001392e-07 6.731599999999999806e-01
9.960000000000000777e-07 6.547199999999999687e-01
9.980000000000000162e-07 6.370299999999999851e-01
1.000000000000000167e-06 6.194399999999999906e-01
1.002000000000000105e-06 6.018400000000000416e-01
1.004000000000000044e-06 5.808799999999999519e-01
1.005999999999999982e-06 5.595599999999999463e-01
1.008000000000000132e-06 5.374700000000000033e-01
1.010000000000000071e-06 5.154400000000000093e-01
1.012000000000000009e-06 4.938100000000000267e-01
1.014000000000000160e-06 4.759099999999999997e-01
1.016000000000000098e-06 4.565000000000000169e-01
1.018000000000000037e-06 4.402499999999999747e-01
1.019999999999999975e-06 4.222500000000000142e-01
1.022000000000000125e-06 4.091299999999999937e-01
1.024000000000000064e-06 3.910000000000000142e-01
1.026000000000000002e-06 3.780600000000000072e-01
1.028000000000000153e-06 3.647799999999999931e-01
1.030000000000000091e-06 3.542199999999999793e-01
1.032000000000000030e-06 3.448100000000000054e-01
1.033999999999999968e-06 3.345899999999999985e-01
1.036000000000000118e-06 3.251600000000000046e-01
1.038000000000000057e-06 3.123400000000000065e-01
1.039999999999999995e-06 2.990599999999999925e-01
1.042000000000000146e-06 2.836299999999999932e-01
1.044000000000000084e-06 2.705299999999999927e-01
1.046000000000000023e-06 2.528099999999999792e-01
1.047999999999999961e-06 2.388399999999999967e-01
1.050000000000000111e-06 2.219399999999999984e-01
1.052000000000000050e-06 2.043099999999999916e-01
1.053999999999999988e-06 1.891299999999999926e-01
1.056000000000000139e-06 1.705599999999999894e-01
1.058000000000000077e-06 1.563799999999999912e-01
1.060000000000000016e-06 1.393399999999999916e-01
1.062000000000000166e-06 1.249399999999999955e-01
1.064000000000000104e-06 1.102500000000000008e-01
1.066000000000000043e-06 9.346999999999999753e-02
1.067999999999999981e-06 8.155999999999999361e-02
1.070000000000000132e-06 6.622000000000000108e-02
1.072000000000000070e-06 5.272000000000000297e-02
1.074000000000000009e-06 3.815999999999999948e-02
1.076000000000000159e-06 2.352999999999999883e-02
1.078000000000000097e-06 8.529999999999999388e-03
1.080000000000000036e-06 -5.780000000000000415e-03
1.081999999999999974e-06 -1.824999999999999886e-02
1.084000000000000125e-06 -3.400000000000000244e-02
1.086000000000000063e-06 -4.805999999999999855e-02
1.088000000000000002e-06 -5.940999999999999753e-02
1.090000000000000152e-06 -7.119000000000000328e-02
1.092000000000000090e-06 -8.365999999999999825e-02
1.094000000000000029e-06 -9.431000000000000494e-02
1.095999999999999967e-06 -1.060600000000000015e-01
1.098000000000000118e-06 -1.155599999999999961e-01
1.100000000000000056e-06 -1.263799999999999923e-01
1.101999999999999995e-06 -1.353100000000000136e-01
1.104000000000000145e-06 -1.471899999999999875e-01
1.106000000000000083e-06 -1.569399999999999962e-01
1.108000000000000022e-06 -1.674400000000000055e-01
1.110000000000000172e-06 -1.752499999999999891e-01
1.112000000000000111e-06 -1.819099999999999884e-01
1.114000000000000049e-06 -1.886299999999999921e-01
1.115999999999999988e-06 -1.931599999999999984e-01
1.118000000000000138e-06 -1.950900000000000134e-01
1.120000000000000076e-06 -1.988800000000000012e-01
1.122000000000000015e-06 -1.996300000000000019e-01
1.124000000000000165e-06 -2.012200000000000100e-01
1.126000000000000104e-06 -2.017799999999999871e-01
1.128000000000000042e-06 -2.005599999999999883e-01
1.129999999999999981e-06 -1.992800000000000127e-01
1.132000000000000131e-06 -1.966299999999999992e-01
1.134000000000000069e-06 -1.952200000000000046e-01
1.136000000000000008e-06 -1.930300000000000071e-01
1.138000000000000158e-06 -1.909700000000000009e-01
1.140000000000000097e-06 -1.906599999999999961e-01
1.142000000000000035e-06 -1.875600000000000045e-01
1.143999999999999974e-06 -1.841299999999999881e-01
1.146000000000000124e-06 -1.815299999999999969e-01
1.148000000000000062e-06 -1.762799999999999923e-01
1.150000000000000001e-06 -1.734400000000000108e-01
1.152000000000000151e-06 -1.685300000000000131e-01
1.154000000000000090e-06 -1.642800000000000094e-01
1.156000000000000028e-06 -1.610000000000000042e-01
1.157999999999999967e-06 -1.582800000000000040e-01
1.160000000000000117e-06 -1.545300000000000007e-01
1.162000000000000055e-06 -1.521299999999999875e-01
1.163999999999999994e-06 -1.515900000000000025e-01
1.166000000000000144e-06 -1.490900000000000003e-01
1.168000000000000083e-06 -1.490900000000000003e-01
1.170000000000000021e-06 -1.487799999999999956e-01
1.172000000000000171e-06 -1.479100000000000137e-01
1.174000000000000110e-06 -1.485899999999999999e-01
1.176000000000000048e-06 -1.486300000000000121e-01
1.177999999999999987e-06 -1.477799999999999947e-01
1.180000000000000137e-06 -1.490900000000000003e-01
1.182000000000000076e-06 -1.482499999999999929e-01
1.184000000000000014e-06 -1.490900000000000003e-01
1.186000000000000164e-06 -1.479999999999999927e-01
1.188000000000000103e-06 -1.480299999999999949e-01
1.190000000000000041e-06 -1.472499999999999920e-01
1.191999999999999980e-06 -1.476300000000000112e-01
1.194000000000000130e-06 -1.466600000000000126e-01
1.196000000000000069e-06 -1.452199999999999880e-01
1.198000000000000007e-06 -1.436900000000000122e-01
1.200000000000000157e-06 -1.435299999999999909e-01
1.202000000000000096e-06 -1.405899999999999928e-01
1.204000000000000034e-06 -1.384700000000000097e-01
1.205999999999999973e-06 -1.365599999999999870e-01
1.208000000000000123e-06 -1.332800000000000096e-01
1.210000000000000062e-06 -1.290000000000000036e-01
1.212000000000000000e-06 -1.249399999999999955e-01
1.214000000000000150e-06 -1.220299999999999996e-01
1.216000000000000089e-06 -1.157799999999999940e-01
1.218000000000000027e-06 -1.112199999999999994e-01
1.220000000000000178e-06 -1.053800000000000014e-01
1.222000000000000116e-06 -9.983999999999999819e-02
1.224000000000000055e-06 -9.309000000000000608e-02
1.225999999999999993e-06 -8.766000000000000181e-02
1.228000000000000143e-06 -8.187999999999999445e-02
1.230000000000000082e-06 -7.766000000000000680e-02
1.232000000000000020e-06 -7.274999999999999523e-02
1.234000000000000171e-06 -6.772000000000000242e-02
1.236000000000000109e-06 -6.224999999999999978e-02
1.238000000000000048e-06 -6.008999999999999758e-02
1.239999999999999986e-06 -5.475000000000000006e-02
1.242000000000000136e-06 -4.941000000000000253e-02
1.244000000000000075e-06 -4.687999999999999806e-02
1.246000000000000013e-06 -4.499999999999999833e-02
1.248000000000000164e-06 -4.290999999999999676e-02
1.250000000000000102e-06 -4.112999999999999989e-02
1.252000000000000041e-06 -3.874999999999999972e-02
1.253999999999999979e-06 -3.713000000000000328e-02
1.256000000000000130e-06 -3.883999999999999952e-02
1.258000000000000068e-06 -3.649999999999999772e-02
1.260000000000000007e-06 -3.880999999999999728e-02
1.262000000000000157e-06 -3.771999999999999659e-02
1.264000000000000095e-06 -4.016000000000000125e-02
1.266000000000000034e-06 -4.005999999999999839e-02
1.268000000000000184e-06 -4.018999999999999656e-02
1.270000000000000123e-06 -4.180999999999999994e-02
1.272000000000000061e-06 -4.331000000000000127e-02
1.274000000000000000e-06 -4.259000000000000286e-02
1.276000000000000150e-06 -4.365999999999999742e-02
1.278000000000000088e-06 -4.227999999999999814e-02
1.280000000000000027e-06 -4.290999999999999676e-02
1.282000000000000177e-06 -4.000000000000000083e-02
1.284000000000000116e-06 -3.971999999999999836e-02
1.286000000000000054e-06 -3.878000000000000197e-02
1.287999999999999993e-06 -3.493999999999999884e-02
1.290000000000000143e-06 -3.309000000000000136e-02
1.292000000000000081e-06 -3.191000000000000086e-02
1.294000000000000020e-06 -2.834000000000000061e-02
1.296000000000000170e-06 -2.578000000000000083e-02
1.298000000000000109e-06 -2.297000000000000083e-02
1.300000000000000047e-06 -1.680999999999999855e-02
1.301999999999999986e-06 -1.265999999999999938e-02
1.304000000000000136e-06 -9.560000000000000789e-03
1.306000000000000074e-06 -4.660000000000000080e-03
1.308000000000000013e-06 3.440000000000000132e-04
1.310000000000000163e-06 5.060000000000000261e-03
1.312000000000000102e-06 9.249999999999999542e-03
1.314000000000000040e-06 1.472000000000000045e-02
1.315999999999999979e-06 1.938000000000000139e-02
1.318000000000000129e-06 2.430999999999999828e-02
1.320000000000000067e-06 2.846999999999999878e-02
1.322000000000000006e-06 3.434000000000000247e-02
1.324000000000000156e-06 3.728000000000000064e-02
1.326000000000000095e-06 4.177999999999999770e-02
1.328000000000000033e-06 4.603000000000000147e-02
1.330000000000000183e-06 5.052999999999999853e-02
1.332000000000000122e-06 5.471999999999999781e-02
1.334000000000000060e-06 5.943999999999999978e-02
1.335999999999999999e-06 6.431000000000000605e-02
1.338000000000000149e-06 6.693999999999999950e-02
1.340000000000000088e-06 7.241000000000000214e-02
1.342000000000000026e-06 7.556000000000000216e-02
1.344000000000000176e-06 7.790999999999999315e-02
1.346000000000000115e-06 8.233999999999999653e-02
1.348000000000000053e-06 8.634000000000000008e-02
1.349999999999999992e-06 8.909000000000000252e-02
1.352000000000000142e-06 9.027999999999999914e-02
1.354000000000000081e-06 9.324999999999999956e-02
1.356000000000000019e-06 9.596999999999999975e-02
1.358000000000000169e-06 9.915999999999999814e-02
1.360000000000000108e-06 1.007200000000000040e-01
1.362000000000000046e-06 1.040900000000000020e-01
1.363999999999999985e-06 1.072800000000000004e-01
1.366000000000000135e-06 1.095900000000000069e-01
1.368000000000000074e-06 1.115899999999999948e-01
1.370000000000000012e-06 1.115899999999999948e-01
1.372000000000000162e-06 1.144700000000000023e-01
1.374000000000000101e-06 1.153799999999999965e-01
1.376000000000000039e-06 1.160000000000000059e-01
1.378000000000000190e-06 1.189400000000000041e-01
1.380000000000000128e-06 1.177200000000000052e-01
1.382000000000000067e-06 1.194400000000000045e-01
1.384000000000000005e-06 1.193099999999999994e-01
1.386000000000000155e-06 1.194400000000000045e-01
1.388000000000000094e-06 1.189700000000000063e-01
1.390000000000000032e-06 1.188799999999999996e-01
1.392000000000000183e-06 1.166900000000000021e-01
1.394000000000000121e-06 1.169100000000000000e-01
1.396000000000000060e-06 1.148099999999999954e-01
1.397999999999999998e-06 1.125300000000000050e-01
1.400000000000000148e-06 1.108800000000000063e-01
1.402000000000000087e-06 1.071899999999999936e-01
1.404000000000000025e-06 1.048400000000000026e-01
1.406000000000000176e-06 1.014700000000000046e-01
1.408000000000000114e-06 9.740999999999999659e-02
1.410000000000000053e-06 9.612999999999999323e-02
1.411999999999999991e-06 9.334000000000000630e-02
1.414000000000000141e-06 8.994000000000000605e-02
1.416000000000000080e-06 8.744000000000000383e-02
1.418000000000000018e-06 8.255999999999999450e-02
1.420000000000000169e-06 7.840999999999999359e-02
1.422000000000000107e-06 7.509000000000000397e-02
1.424000000000000046e-06 6.990999999999999992e-02
1.425999999999999984e-06 6.697000000000000175e-02
1.428000000000000134e-06 6.325000000000000067e-02
1.430000000000000073e-06 5.874999999999999667e-02
1.432000000000000011e-06 5.430999999999999717e-02
1.434000000000000162e-06 5.002999999999999808e-02
1.436000000000000100e-06 4.700000000000000011e-02
1.438000000000000039e-06 4.309000000000000330e-02
1.440000000000000189e-06 3.765999999999999903e-02
1.442000000000000127e-06 3.502999999999999864e-02
1.444000000000000066e-06 3.155999999999999778e-02
1.446000000000000004e-06 2.738000000000000156e-02
1.448000000000000155e-06 2.430999999999999828e-02
1.450000000000000093e-06 2.100000000000000130e-02
1.452000000000000032e-06 1.703000000000000000e-02
1.454000000000000182e-06 1.308999999999999921e-02
1.456000000000000120e-06 1.059000000000000045e-02
1.458000000000000059e-06 7.810000000000000102e-03
1.459999999999999997e-06 4.530000000000000172e-03
1.462000000000000148e-06 2.439999999999999895e-03
1.464000000000000086e-06 6.560000000000000076e-04
1.466000000000000025e-06 -1.090000000000000040e-03
1.468000000000000175e-06 -2.589999999999999854e-03
1.470000000000000113e-06 -3.720000000000000216e-03
1.472000000000000052e-06 -6.689999999999999766e-03
1.473999999999999990e-06 -9.060000000000000345e-03
1.476000000000000141e-06 -1.030999999999999972e-02
1.478000000000000079e-06 -1.162999999999999971e-02
1.480000000000000018e-06 -1.221999999999999996e-02
1.482000000000000168e-06 -1.272000000000000040e-02
1.484000000000000106e-06 -1.259000000000000050e-02
1.486000000000000045e-06 -1.349999999999999985e-02
1.488000000000000195e-06 -1.472000000000000045e-02
1.490000000000000134e-06 -1.472000000000000045e-02
1.492000000000000072e-06 -1.512999999999999935e-02
1.494000000000000011e-06 -1.531000000000000069e-02
1.496000000000000161e-06 -1.662999999999999895e-02
1.498000000000000100e-06 -1.625000000000000056e-02
1.500000000000000038e-06 -1.788000000000000006e-02
1.502000000000000188e-06 -1.746999999999999942e-02
1.504000000000000127e-06 -1.897000000000000075e-02
1.506000000000000065e-06 -1.694000000000000020e-02
1.508000000000000004e-06 -1.808999999999999844e-02
1.510000000000000154e-06 -1.744000000000000064e-02
1.512000000000000093e-06 -1.858999999999999889e-02
1.514000000000000031e-06 -1.844000000000000153e-02
1.516000000000000181e-06 -1.788000000000000006e-02
1.518000000000000120e-06 -1.840999999999999928e-02
1.520000000000000058e-06 -1.808999999999999844e-02
1.521999999999999997e-06 -1.956000000000000100e-02
1.524000000000000147e-06 -1.794000000000000108e-02
1.526000000000000086e-06 -1.774999999999999842e-02
1.528000000000000024e-06 -1.890999999999999973e-02
1.530000000000000174e-06 -1.918999999999999873e-02
1.532000000000000113e-06 -1.927999999999999853e-02
1.534000000000000051e-06 -1.830999999999999989e-02
1.536000000000000202e-06 -1.933999999999999955e-02
1.538000000000000140e-06 -1.924999999999999975e-02
1.540000000000000079e-06 -1.755999999999999922e-02
1.542000000000000017e-06 -1.799999999999999864e-02
1.544000000000000167e-06 -1.856000000000000011e-02
1.546000000000000106e-06 -1.705999999999999878e-02
1.548000000000000044e-06 -1.696999999999999897e-02
1.550000000000000195e-06 -1.634000000000000036e-02
1.552000000000000133e-06 -1.609000000000000014e-02
1.554000000000000072e-06 -1.627999999999999933e-02
1.556000000000000010e-06 -1.655999999999999833e-02
1.558000000000000160e-06 -1.687999999999999917e-02
1.560000000000000099e-06 -1.541000000000000009e-02
1.562000000000000037e-06 -1.725000000000000144e-02
1.564000000000000188e-06 -1.494000000000000015e-02
1.566000000000000126e-06 -1.616000000000000075e-02
1.568000000000000065e-06 -1.463000000000000064e-02
1.570000000000000003e-06 -1.625000000000000056e-02
1.572000000000000153e-06 -1.546999999999999938e-02
1.574000000000000092e-06 -1.553000000000000040e-02
1.576000000000000030e-06 -1.568999999999999909e-02
1.578000000000000181e-06 -1.558999999999999969e-02
1.580000000000000119e-06 -1.643999999999999975e-02
1.582000000000000058e-06 -1.587999999999999828e-02
1.583999999999999996e-06 -1.696999999999999897e-02
1.586000000000000146e-06 -1.780999999999999944e-02
1.588000000000000085e-06 -1.799999999999999864e-02
1.590000000000000023e-06 -1.790999999999999884e-02
1.592000000000000174e-06 -1.984000000000000000e-02
1.594000000000000112e-06 -1.987999999999999837e-02
1.596000000000000051e-06 -2.109000000000000111e-02
1.598000000000000201e-06 -2.116000000000000172e-02
1.600000000000000139e-06 -2.258999999999999897e-02
1.602000000000000078e-06 -2.358999999999999986e-02
1.604000000000000016e-06 -2.597000000000000003e-02
1.606000000000000167e-06 -2.690999999999999989e-02
1.608000000000000105e-06 -2.653000000000000150e-02
1.610000000000000044e-06 -2.844000000000000000e-02
1.612000000000000194e-06 -2.988000000000000031e-02
1.614000000000000132e-06 -2.965999999999999887e-02
1.616000000000000071e-06 -2.944000000000000089e-02
1.618000000000000009e-06 -3.008999999999999869e-02
1.620000000000000160e-06 -3.225000000000000089e-02
1.622000000000000098e-06 -3.194000000000000311e-02
1.624000000000000037e-06 -3.228000000000000314e-02
1.626000000000000187e-06 -3.243999999999999662e-02
1.628000000000000125e-06 -3.377999999999999753e-02
1.630000000000000064e-06 -3.243999999999999662e-02
1.632000000000000002e-06 -3.230999999999999844e-02
1.634000000000000153e-06 -3.388000000000000039e-02
1.636000000000000091e-06 -3.427999999999999797e-02
1.638000000000000030e-06 -3.577999999999999931e-02
1.640000000000000180e-06 -3.527999999999999886e-02
1.642000000000000118e-06 -3.622000000000000219e-02
1.644000000000000057e-06 -3.574999999999999706e-02
1.646000000000000207e-06 -3.644000000000000017e-02
1.648000000000000146e-06 -3.524999999999999661e-02
1.650000000000000084e-06 -3.552999999999999908e-02
1.652000000000000023e-06 -3.468999999999999861e-02
1.654000000000000173e-06 -3.640999999999999792e-02
1.656000000000000111e-06 -3.558999999999999664e-02
1.658000000000000050e-06 -3.434000000000000247e-02
1.660000000000000200e-06 -3.593999999999999972e-02
1.662000000000000139e-06 -3.393999999999999795e-02
1.664000000000000077e-06 -3.266000000000000153e-02
1.666000000000000016e-06 -3.241000000000000131e-02
1.668000000000000166e-06 -3.125000000000000000e-02
1.670000000000000104e-06 -3.099999999999999978e-02
1.672000000000000043e-06 -3.040999999999999953e-02
1.674000000000000193e-06 -3.083999999999999936e-02
1.676000000000000132e-06 -2.971999999999999989e-02
1.678000000000000070e-06 -2.841000000000000122e-02
1.680000000000000009e-06 -2.816000000000000100e-02
1.682000000000000159e-06 -2.716000000000000011e-02
1.684000000000000097e-06 -2.690999999999999989e-02
1.686000000000000036e-06 -2.678000000000000172e-02
1.688000000000000186e-06 -2.588000000000000023e-02
1.690000000000000125e-06 -2.559000000000000163e-02
1.692000000000000063e-06 -2.290999999999999981e-02
1.694000000000000002e-06 -2.205999999999999975e-02
1.696000000000000152e-06 -2.031000000000000166e-02
1.698000000000000090e-06 -1.943999999999999895e-02
1.700000000000000029e-06 -1.746999999999999942e-02
1.702000000000000179e-06 -1.572000000000000133e-02
1.704000000000000118e-06 -1.302999999999999992e-02
1.706000000000000056e-06 -1.302999999999999992e-02
1.708000000000000206e-06 -1.021999999999999992e-02
1.710000000000000145e-06 -8.970000000000000542e-03
1.712000000000000083e-06 -8.410000000000000808e-03
1.714000000000000022e-06 -5.780000000000000415e-03
1.716000000000000172e-06 -4.470000000000000015e-03
1.718000000000000111e-06 -3.559999999999999797e-03
1.720000000000000049e-06 -1.840000000000000056e-03
1.722000000000000199e-06 -1.190000000000000085e-03
1.724000000000000138e-06 1.590000000000000050e-03
1.726000000000000076e-06 3.749999999999999861e-03
1.728000000000000015e-06 3.629999999999999980e-03
1.730000000000000165e-06 5.000000000000000104e-03
1.732000000000000104e-06 9.129999999999999227e-03
1.734000000000000042e-06 7.910000000000000364e-03
1.736000000000000192e-06 1.108999999999999916e-02
1.738000000000000131e-06 1.450000000000000074e-02
1.740000000000000069e-06 1.587999999999999828e-02
1.742000000000000008e-06 1.771999999999999964e-02
1.744000000000000158e-06 1.981000000000000122e-02
1.746000000000000097e-06 2.149999999999999828e-02
1.748000000000000035e-06 2.302999999999999839e-02
1.750000000000000186e-06 2.358999999999999986e-02
1.752000000000000124e-06 2.322000000000000106e-02
1.754000000000000063e-06 2.605999999999999983e-02
1.756000000000000213e-06 2.702999999999999847e-02
1.758000000000000151e-06 2.816000000000000100e-02
1.760000000000000090e-06 2.862999999999999920e-02
1.762000000000000028e-06 2.869000000000000022e-02
1.764000000000000179e-06 2.965999999999999887e-02
1.766000000000000117e-06 3.022000000000000033e-02
1.768000000000000056e-06 3.047000000000000056e-02
1.770000000000000206e-06 2.969000000000000111e-02
1.772000000000000144e-06 2.944000000000000089e-02
1.774000000000000083e-06 2.925000000000000169e-02
1.776000000000000021e-06 2.946999999999999967e-02
1.778000000000000172e-06 2.875000000000000125e-02
1.780000000000000110e-06 2.969000000000000111e-02
1.782000000000000049e-06 2.994000000000000133e-02
1.784000000000000199e-06 2.896999999999999922e-02
1.786000000000000137e-06 2.905999999999999903e-02
1.788000000000000076e-06 2.825000000000000080e-02
1.790000000000000014e-06 2.743999999999999911e-02
1.792000000000000165e-06 2.647000000000000047e-02
1.794000000000000103e-06 2.678000000000000172e-02
1.796000000000000042e-06 2.569000000000000103e-02
1.798000000000000192e-06 2.477999999999999994e-02
1.800000000000000130e-06 2.430999999999999828e-02
1.802000000000000069e-06 2.268999999999999836e-02
1.804000000000000007e-06 2.180999999999999953e-02
1.806000000000000158e-06 2.062999999999999903e-02
1.808000000000000096e-06 1.819000000000000131e-02
1.810000000000000035e-06 1.868999999999999828e-02
1.812000000000000185e-06 1.750000000000000167e-02
1.814000000000000123e-06 1.553000000000000040e-02
1.816000000000000062e-06 1.396999999999999978e-02
1.818000000000000212e-06 1.355999999999999914e-02
1.820000000000000151e-06 1.265999999999999938e-02
1.822000000000000089e-06 1.027999999999999921e-02
1.824000000000000028e-06 1.018999999999999941e-02
1.826000000000000178e-06 9.589999999999999566e-03
1.828000000000000116e-06 8.089999999999999969e-03
1.830000000000000055e-06 6.470000000000000057e-03
1.832000000000000205e-06 5.470000000000000036e-03
1.834000000000000144e-06 3.279999999999999930e-03
1.836000000000000082e-06 3.559999999999999797e-03
1.838000000000000021e-06 2.779999999999999919e-03
1.840000000000000171e-06 1.969999999999999963e-03
1.842000000000000109e-06 6.250000000000000130e-04
1.844000000000000048e-06 2.190000000000000106e-04
1.846000000000000198e-06 -4.690000000000000158e-04
1.848000000000000137e-06 -2.000000000000000042e-03
1.850000000000000075e-06 -2.880000000000000181e-03
1.852000000000000014e-06 -3.629999999999999980e-03
1.854000000000000164e-06 -4.159999999999999636e-03
1.856000000000000102e-06 -6.839999999999999726e-03
1.858000000000000041e-06 -6.159999999999999677e-03
1.860000000000000191e-06 -6.250000000000000347e-03
1.862000000000000130e-06 -6.749999999999999924e-03
1.864000000000000068e-06 -8.590000000000000413e-03
1.866000000000000218e-06 -8.410000000000000808e-03
1.868000000000000157e-06 -9.129999999999999227e-03
1.870000000000000095e-06 -9.060000000000000345e-03
1.872000000000000034e-06 -9.939999999999999183e-03
1.874000000000000184e-06 -9.780000000000000498e-03
1.876000000000000123e-06 -9.719999999999999474e-03
1.878000000000000061e-06 -9.029999999999999832e-03
1.880000000000000211e-06 -9.589999999999999566e-03
1.882000000000000150e-06 -1.081000000000000016e-02
1.884000000000000088e-06 -1.050000000000000065e-02
1.886000000000000027e-06 -1.178000000000000054e-02
1.888000000000000177e-06 -1.021999999999999992e-02
1.890000000000000116e-06 -1.074999999999999914e-02
1.892000000000000054e-06 -1.137999999999999949e-02
1.894000000000000204e-06 -1.102999999999999987e-02
1.896000000000000143e-06 -1.081000000000000016e-02
1.898000000000000081e-06 -1.128000000000000010e-02
1.900000000000000020e-06 -1.034000000000000023e-02
1.902000000000000170e-06 -8.940000000000000030e-03
1.904000000000000109e-06 -9.249999999999999542e-03
1.906000000000000047e-06 -9.220000000000000764e-03
1.908000000000000197e-06 -9.339999999999999344e-03
1.909999999999999924e-06 -8.529999999999999388e-03
1.912000000000000074e-06 -5.810000000000000060e-03
1.914000000000000225e-06 -6.190000000000000190e-03
1.915999999999999951e-06 -6.440000000000000412e-03
1.918000000000000102e-06 -5.530000000000000193e-03
1.920000000000000252e-06 -5.629999999999999588e-03
1.921999999999999979e-06 -4.029999999999999728e-03
1.924000000000000129e-06 -3.880000000000000202e-03
1.926000000000000279e-06 -3.439999999999999915e-03
1.928000000000000006e-06 -4.219999999999999793e-03
1.930000000000000156e-06 -3.249999999999999851e-03
1.932000000000000306e-06 -2.249999999999999830e-03
1.934000000000000033e-06 -3.690000000000000138e-03
1.936000000000000183e-06 -2.629999999999999959e-03
1.937999999999999910e-06 -2.809999999999999998e-03
1.940000000000000060e-06 -1.000000000000000021e-03
1.942000000000000211e-06 -1.190000000000000085e-03
1.943999999999999937e-06 -1.529999999999999893e-03
1.946000000000000088e-06 -6.560000000000000076e-04
1.948000000000000238e-06 -4.380000000000000213e-04
1.949999999999999965e-06 -9.380000000000000317e-04
1.952000000000000115e-06 -8.750000000000000182e-04
1.954000000000000265e-06 -3.750000000000000078e-04
1.955999999999999992e-06 -6.880000000000000265e-04
1.958000000000000142e-06 -5.310000000000000050e-04
1.960000000000000292e-06 -8.130000000000000291e-04
1.962000000000000019e-06 -2.500000000000000052e-04
1.964000000000000169e-06 -9.380000000000000317e-04
1.966000000000000320e-06 -4.690000000000000158e-04
1.968000000000000046e-06 -4.060000000000000024e-04
1.970000000000000197e-06 -3.750000000000000078e-04
1.971999999999999923e-06 -1.750000000000000036e-03
1.974000000000000074e-06 -2.060000000000000199e-03
1.976000000000000224e-06 -1.660000000000000017e-03
1.977999999999999951e-06 -1.660000000000000017e-03
1.980000000000000101e-06 -2.030000000000000120e-03
1.982000000000000251e-06 -5.000000000000000104e-04
1.983999999999999978e-06 -2.060000000000000199e-03
1.986000000000000128e-06 -1.559999999999999972e-03
1.988000000000000278e-06 -2.840000000000000076e-03
1.990000000000000005e-06 -1.469999999999999953e-03
1.992000000000000155e-06 -9.380000000000000317e-04
1.994000000000000306e-06 -2.190000000000000106e-03
1.996000000000000032e-06 -2.629999999999999959e-03
1.998000000000000183e-06 -2.409999999999999816e-03
