5.000000000000000000e+02 2.270800000000000041e-01 -1.199999999999999956e-01
6.300000000000000000e+02 2.270800000000000041e-01 -1.199999999999999956e-01
8.000000000000000000e+02 2.270800000000000041e-01 -1.499999999999999944e-01
9.000000000000000000e+02 2.271299999999999986e-01 -1.600000000000000033e-01
1.000000000000000000e+03 2.271199999999999886e-01 -1.900000000000000022e-01
1.100000000000000000e+03 2.271799999999999931e-01 -2.200000000000000011e-01
1.250000000000000000e+03 2.272399999999999975e-01 -2.200000000000000011e-01
1.400000000000000000e+03 2.272399999999999975e-01 -2.000000000000000111e-01
1.600000000000000000e+03 2.272899999999999920e-01 -3.200000000000000067e-01
1.800000000000000000e+03 2.273799999999999988e-01 -2.600000000000000089e-01
2.000000000000000000e+03 2.275099999999999900e-01 -3.800000000000000044e-01
2.200000000000000000e+03 2.275899999999999868e-01 -4.000000000000000222e-01
2.500000000000000000e+03 2.277000000000000135e-01 -4.899999999999999911e-01
2.800000000000000000e+03 2.277099999999999957e-01 -5.100000000000000089e-01
3.000000000000000000e+03 2.278499999999999970e-01 -5.100000000000000089e-01
3.151000000000000000e+03 2.279500000000000137e-01 -5.300000000000000266e-01
3.500000000000000000e+03 2.281400000000000095e-01 -5.799999999999999600e-01
4.000000000000000000e+03 2.283999999999999919e-01 -6.899999999999999467e-01
4.499000000000000000e+03 2.288800000000000001e-01 -8.000000000000000444e-01
5.000000000000000000e+03 2.293900000000000106e-01 -8.800000000000000044e-01
5.500000000000000000e+03 2.302200000000000080e-01 -1.070000000000000062e+00
6.301000000000000000e+03 2.307200000000000084e-01 -1.209999999999999964e+00
6.999000000000000000e+03 2.319799999999999918e-01 -1.280000000000000027e+00
7.500000000000000000e+03 2.321300000000000030e-01 -1.449999999999999956e+00
8.000000000000000000e+03 2.329400000000000082e-01 -1.510000000000000009e+00
8.501000000000000000e+03 2.336300000000000043e-01 -1.459999999999999964e+00
8.999000000000000000e+03 2.349499999999999922e-01 -1.510000000000000009e+00
9.499000000000000000e+03 2.377799999999999914e-01 -1.389999999999999902e+00
1.000000000000000000e+04 2.382700000000000096e-01 -1.530000000000000027e+00
1.050000000000000000e+04 2.363200000000000023e-01 -2.120000000000000107e+00
1.100100000000000000e+04 2.374799999999999967e-01 -2.029999999999999805e+00
1.150100000000000000e+04 2.387900000000000023e-01 -2.350000000000000089e+00
1.199900000000000000e+04 2.400599999999999956e-01 -2.479999999999999982e+00
1.250000000000000000e+04 2.416000000000000092e-01 -2.450000000000000178e+00
1.299800000000000000e+04 2.422799999999999954e-01 -2.200000000000000178e+00
1.350100000000000000e+04 2.442600000000000049e-01 -2.640000000000000124e+00
1.399900000000000000e+04 2.497199999999999975e-01 -3.060000000000000053e+00
1.450200000000000000e+04 2.470700000000000118e-01 -3.009999999999999787e+00
1.500000000000000000e+04 2.483799999999999897e-01 -3.020000000000000018e+00
1.549800000000000000e+04 2.499399999999999955e-01 -2.600000000000000089e+00
1.600100000000000000e+04 2.525700000000000167e-01 -3.129999999999999893e+00
1.649900000000000000e+04 2.538300000000000001e-01 -3.680000000000000160e+00
1.700200000000000000e+04 2.557099999999999929e-01 -3.629999999999999893e+00
1.750000000000000000e+04 2.595799999999999774e-01 -3.520000000000000018e+00
1.799800000000000000e+04 2.602400000000000269e-01 -4.580000000000000071e+00
1.850100000000000000e+04 2.552699999999999969e-01 -6.669999999999999929e+00
1.899900000000000000e+04 2.587700000000000000e-01 -2.240000000000000213e+00
1.950200000000000000e+04 2.637100000000000000e-01 -3.910000000000000142e+00
2.000000000000000000e+04 2.661700000000000177e-01 -4.179999999999999716e+00
